50
10
5
4012
-422995453
0
1 0 1 1 1 1 1 1 1 1 0 1 1 1 1 1 1 1 1 1 1 1 1 1 0 0 1 1 1 1 1 0 1 0 1 1 1 1 1 1 1 1 1 0 1 0 1 0 1 1 
3 1 3 3 4 0 0 2 0 1 1 1 0 1 6 4 2 2 0 1 0 0 0 3 0 1 0 0 13 0 1 3 1 0 2 1 1 7 0 2 1 2 1 4 0 0 3 5 0 5 0 
1 0 0 2 4 0 0 0 1 0 0 7 4 3 0 1 0 2 1 2 1 0 1 5 5 2 0 2 2 0 2 0 1 4 3 0 0 4 0 2 6 1 2 3 1 5 1 3 2 4 1 
0 6 5 0 4 2 1 1 0 3 0 1 0 0 0 1 1 0 4 0 0 1 2 8 5 2 0 2 0 0 0 1 0 0 2 0 3 0 2 0 5 0 1 0 0 3 2 2 6 2 2 
0 0 1 0 0 0 1 3 1 2 0 0 23 0 4 0 12 0 4 0 0 5 1 0 0 0 4 3 0 1 1 1 2 0 1 2 0 9 1 4 2 1 0 2 3 5 4 3 7 2 4 
8 2 1 0 3 4 0 2 0 1 0 2 0 0 0 0 2 0 2 1 7 0 1 2 0 1 1 5 1 0 3 1 0 0 1 3 0 2 1 1 0 2 0 1 0 1 2 2 2 0 0 
1 1 2 0 2 0 5 2 2 0 1 0 0 4 2 0 0 0 1 1 2 0 2 0 0 0 8 0 3 0 0 1 6 5 2 2 0 2 0 2 5 4 3 0 3 1 0 4 4 4 1 
1 0 0 3 1 1 3 1 0 0 2 2 0 1 1 3 2 0 0 1 0 0 0 0 5 4 1 3 3 1 0 1 2 1 0 0 0 0 2 0 0 0 0 1 5 1 0 2 2 1 0 
4 1 1 0 1 1 3 1 0 0 2 2 8 0 4 0 1 0 3 2 0 0 4 2 0 1 8 2 0 1 4 0 0 0 0 2 3 0 0 0 1 3 2 1 0 1 1 1 1 0 0 
4 1 0 1 1 1 1 0 3 0 0 5 0 1 0 3 0 0 4 0 3 2 0 0 3 1 3 0 0 0 1 0 2 3 2 0 1 0 1 0 0 1 0 1 0 0 0 0 2 0 2 
1 5 2 3 2 0 2 0 1 3 1 2 1 1 0 2 3 2 0 0 0 2 0 1 2 1 0 0 0 0 2 3 0 0 2 4 2 0 4 0 0 1 3 2 4 0 1 2 4 1 2 
5 0 5 1 5 1 1 5 3 3 1 2 10 5 0 4 1 2 2 2 3 0 1 1 0 3 4 4 2 1 1 1 2 1 0 1 0 2 1 3 1 0 1 1 0 3 0 2 1 0 1 
0 1 0 2 1 3 1 1 1 10 0 0 2 1 0 0 1 5 2 1 1 3 6 5 4 2 0 1 0 1 5 1 4 6 0 1 3 2 4 0 2 6 0 1 1 1 1 0 1 0 2 
4 0 1 4 0 0 0 2 1 2 1 0 1 1 0 0 0 0 5 1 2 4 5 0 1 1 3 2 6 0 0 4 0 4 2 1 0 5 0 4 1 2 5 0 0 0 0 1 0 0 0 
5 0 0 0 1 2 4 0 1 0 1 1 1 0 0 4 1 0 0 1 3 2 0 12 0 1 0 2 2 0 4 2 0 0 2 3 2 2 4 0 2 0 3 0 1 0 0 0 0 0 1 
0 4 5 0 5 1 0 1 0 1 1 3 5 1 1 2 0 0 2 1 0 5 0 0 1 1 0 2 2 1 0 2 0 0 2 0 2 0 3 3 1 0 2 1 3 0 0 0 1 4 1 
1 3 6 2 0 0 0 0 0 1 0 2 3 1 1 0 0 1 5 0 0 0 2 1 0 6 4 0 1 2 3 0 1 2 2 5 0 3 5 0 0 0 3 0 2 0 0 5 2 0 7 
3 0 2 1 1 2 0 1 0 0 0 0 2 0 4 1 0 2 1 0 5 2 0 0 1 1 0 1 0 0 1 0 2 0 1 0 3 3 2 4 4 0 0 1 0 5 0 0 1 2 2 
1 1 3 1 5 0 3 0 0 0 3 0 2 5 3 3 2 2 1 1 1 1 2 0 2 1 0 0 0 3 3 2 0 2 0 0 4 0 1 0 0 0 2 5 0 1 3 5 0 0 1 
2 4 0 2 1 3 3 2 0 1 1 2 2 0 0 4 0 0 0 1 0 2 0 0 4 1 0 3 2 1 0 1 0 1 0 4 1 4 2 1 1 0 0 0 1 0 0 2 1 1 0 
3 0 0 0 0 4 0 3 2 2 0 0 6 2 0 3 0 10 1 2 1 3 4 2 1 0 3 0 2 0 0 1 1 2 2 1 1 0 0 0 2 1 0 2 0 0 1 1 0 0 0 
3 4 8 1 0 0 0 1 3 2 3 0 0 1 0 1 6 0 4 0 3 0 1 1 1 2 7 6 0 0 0 4 4 0 1 0 0 3 1 0 1 1 1 1 3 1 0 3 2 0 6 
1 0 0 5 4 0 4 4 0 5 5 0 3 6 1 0 0 0 1 0 2 0 2 0 4 0 1 2 6 1 2 1 0 11 0 5 0 0 3 0 0 2 0 0 2 4 0 4 0 2 0 
5 2 4 0 1 0 3 0 0 1 3 1 1 3 4 0 6 0 0 0 0 4 1 0 1 1 0 1 2 0 2 1 2 1 4 0 2 2 1 3 0 0 0 2 0 0 0 0 1 0 0 
3 0 0 0 2 1 1 0 0 1 4 3 0 1 2 1 0 1 5 4 2 0 0 0 1 1 0 1 4 1 7 2 2 8 3 0 1 0 2 2 3 1 1 0 6 0 1 0 3 1 5 
1 3 0 2 0 1 0 3 1 1 3 0 0 2 5 1 0 0 0 0 0 2 1 0 2 5 3 2 2 0 2 0 0 3 3 0 0 4 0 3 0 5 7 1 2 4 0 0 0 0 0 
0 0 2 1 2 1 0 1 0 1 0 1 2 4 0 8 0 0 0 0 1 0 0 0 2 9 0 2 0 1 3 1 1 1 4 0 0 0 2 0 2 3 3 1 2 0 0 5 0 1 0 
5 1 0 0 0 0 0 0 0 4 4 2 1 0 1 3 0 2 1 2 1 0 1 3 0 2 0 0 0 2 0 6 0 0 0 2 0 0 2 1 0 2 0 2 0 2 1 0 1 0 0 
5 1 2 2 1 1 9 1 1 2 1 1 0 2 1 2 0 3 0 1 0 0 2 3 0 1 0 1 0 1 1 5 4 0 2 1 2 2 5 0 1 1 1 1 0 5 0 0 2 1 3 
3 1 2 1 1 0 5 7 0 0 1 0 0 3 3 1 1 1 1 1 10 0 0 1 0 7 1 1 2 9 1 1 1 0 0 0 0 0 0 1 0 1 1 1 0 1 0 3 0 2 0 
0 3 0 1 0 0 14 2 0 9 0 1 1 0 2 1 1 2 1 0 0 0 2 2 1 0 6 0 0 2 1 0 1 5 3 2 0 3 1 0 3 2 4 0 0 1 3 2 0 0 2 
1 1 1 0 7 2 0 0 5 5 3 0 1 2 0 0 0 3 1 0 1 0 0 4 0 4 2 6 0 0 2 2 1 0 0 1 3 0 3 3 0 2 0 2 1 0 3 1 5 1 3 
1 2 0 1 0 0 0 0 0 0 2 0 5 4 0 1 2 0 0 1 1 6 1 0 0 2 5 3 1 0 2 0 0 3 2 0 3 4 0 0 0 0 0 0 4 0 2 2 1 8 0 
3 6 2 6 0 1 4 0 0 0 3 0 1 2 5 2 1 3 4 1 0 5 2 0 3 3 3 1 0 3 2 0 3 1 0 0 3 8 0 4 0 0 0 2 3 0 0 0 5 0 4 
7 0 1 0 7 1 0 1 2 3 0 4 1 1 11 2 0 8 0 0 0 0 1 4 0 1 0 0 1 1 0 1 1 3 1 1 0 1 0 0 1 0 5 0 2 5 3 10 4 4 0 
0 0 2 0 0 0 0 1 2 2 2 0 0 1 2 5 3 0 6 4 3 0 3 4 2 2 2 2 2 1 9 3 2 2 3 3 4 0 0 1 3 0 2 0 1 1 0 1 2 0 0 
1 0 0 1 4 3 0 2 1 2 1 0 1 0 0 0 0 0 1 2 0 1 1 0 0 3 1 1 1 1 3 0 2 5 1 1 2 2 0 0 1 3 1 4 0 2 0 0 5 2 0 
0 0 1 0 1 1 2 0 0 0 3 0 3 2 2 1 1 0 1 2 3 1 0 2 1 0 5 3 6 2 5 0 0 1 0 1 4 0 1 5 0 1 0 0 0 2 1 2 0 0 1 
8 1 3 2 0 3 2 4 2 0 3 2 1 0 0 12 0 0 1 0 1 7 0 1 0 0 0 3 0 0 0 0 2 0 4 2 3 1 1 1 6 1 0 1 2 1 1 0 1 6 0 
0 5 1 1 0 1 2 4 1 3 0 3 1 0 2 0 0 0 3 2 0 0 0 1 0 1 10 0 0 6 0 0 4 2 2 6 0 1 3 2 0 9 1 2 0 0 6 0 1 3 4 
2 0 5 0 0 1 0 0 1 0 1 2 0 0 1 0 0 3 4 0 0 4 1 3 0 3 2 0 0 1 0 4 2 0 0 3 1 0 0 0 1 1 2 2 2 0 2 0 7 1 0 
0 1 2 3 1 1 1 3 2 0 0 1 3 0 2 2 2 0 2 2 2 0 1 0 0 1 8 0 1 1 0 1 0 0 1 1 1 9 0 0 0 0 5 5 1 2 1 0 3 0 4 
1 2 0 2 2 5 2 6 1 0 0 0 0 0 1 3 4 1 0 0 2 1 0 1 0 3 0 0 1 1 0 0 0 0 2 4 0 1 3 3 3 0 4 0 1 1 4 1 5 0 1 
1 1 2 0 1 1 0 2 0 2 3 0 3 0 4 2 1 1 1 0 0 2 0 0 0 2 0 1 1 0 0 0 2 4 0 0 1 1 0 1 0 3 2 0 0 1 3 1 7 0 3 
0 8 10 1 0 1 1 2 0 2 3 0 1 2 2 2 0 0 2 2 1 1 0 1 1 4 1 0 4 2 3 0 2 3 1 3 1 0 1 2 2 1 0 0 0 2 5 0 6 2 9 
1 0 0 0 3 0 1 4 0 0 2 0 5 1 1 3 0 1 0 3 0 2 3 1 5 1 1 0 1 0 0 0 1 1 0 0 3 2 0 3 3 6 7 3 1 1 1 2 0 4 1 
1 2 0 0 1 3 1 4 1 2 0 1 0 2 1 1 1 0 2 0 0 2 0 3 0 3 1 5 11 0 0 1 0 2 1 2 1 0 1 4 3 2 0 0 1 4 2 4 0 1 0 
0 0 1 0 1 1 1 0 1 2 2 4 3 1 1 1 4 1 7 3 0 2 0 1 0 0 0 5 0 1 0 0 2 2 0 0 0 2 1 1 1 0 1 0 2 4 2 1 1 2 0 
2 0 1 0 0 1 0 0 2 3 1 6 1 0 0 2 0 5 0 5 0 1 1 1 0 0 0 2 2 5 0 1 0 1 2 1 0 7 4 3 3 0 2 0 1 7 0 6 4 0 4 
0 2 0 5 2 2 0 0 0 0 1 3 1 7 1 0 0 1 5 3 0 0 1 2 4 1 2 3 1 4 2 2 1 0 2 0 2 4 2 0 0 0 4 1 0 0 1 0 3 1 6 
0 2 1 2 2 0 1 1 1 0 0 0 3 0 10 0 10 4 2 0 7 3 5 1 3 0 7 5 0 1 4 0 0 1 4 3 1 0 0 0 2 1 0 1 3 0 2 3 0 1 3 
0 0 2 2 0 0 2 7 0 0 4 0 0 0 0 0 3 1 0 4 0 4 0 2 2 2 1 1 6 3 0 0 9 0 5 0 0 2 0 0 3 4 1 0 0 2 0 8 0 1 4 
503379200.000000 734790400.000000 5237079040.000000 688644672.000000 3842795008.000000 2217205248.000000 5789296128.000000 1680954112.000000 5566380032.000000 6428758016.000000 3126241536.000000 1719362048.000000 4007272448.000000 1006593600.000000 5373965312.000000 3353178624.000000 6190348288.000000 1482660608.000000 567774144.000000 2458798080.000000 2613984768.000000 743548480.000000 4824337920.000000 3714723840.000000 3833912320.000000 1058893568.000000 4451197440.000000 3592433664.000000 4997030912.000000 2636359168.000000 57189984.000000 5500409856.000000 3371149312.000000 -5294268928.000000 -6189054976.000000 -771493888.000000 -1069023488.000000 -5535899648.000000 -2452447744.000000 -192952368.000000 -5522206720.000000 -5578689536.000000 -1912314368.000000 -3087028224.000000 -142832160.000000 -843828480.000000 -6440206848.000000 -6333179904.000000 -2326489088.000000 -565530176.000000 -2349527296.000000 -4940474368.000000 -1309078656.000000 -731414208.000000 -2212747008.000000 -5142990848.000000 -1790307840.000000 -221493472.000000 -2292973824.000000 -344887520.000000 -2857852672.000000 -2350163968.000000 -5845297664.000000 -6229002240.000000 -1201982080.000000 -5591901184.000000 -558045120.000000 -2271005696.000000 -4685349888.000000 -3010492928.000000 -2463958016.000000 -3765106176.000000 -2146731648.000000 -4376272384.000000 -409683456.000000 -2289563904.000000 -5220101120.000000 -407439456.000000 -2180292864.000000 -1104139264.000000 -972969728.000000 -4529820160.000000 -6044613120.000000 2282048256.000000 5261234176.000000 1814909184.000000 982588416.000000 609091136.000000 2036402688.000000 3275562240.000000 953978688.000000 4894255104.000000 5625726464.000000 356825184.000000 4680806400.000000 385257344.000000 5948726272.000000 5238851584.000000 2656262656.000000 4191625216.000000 1806893824.000000 5120220672.000000 1514280576.000000 3953625088.000000 3054042112.000000 1923964032.000000 6243189248.000000 1831692032.000000 2331403264.000000 1981031040.000000 2935831296.000000 3304372992.000000 68400288.000000 2537993472.000000 5586421760.000000 5329634816.000000 4352902656.000000 126558912.000000 5938725888.000000 6389305344.000000 3402121216.000000 450253536.000000 4841109504.000000 2585396480.000000 807078720.000000 3079464960.000000 2970653696.000000 313354048.000000 1875865728.000000 5626916864.000000 4504979456.000000 3682759168.000000 4304686592.000000 6019259904.000000 1193933824.000000 916277760.000000 1500773120.000000 994671936.000000 2747969792.000000 3832176384.000000 2975703040.000000 5683801088.000000 694098752.000000 3044103424.000000 1779343488.000000 6280520192.000000 1931286912.000000 6132246016.000000 6407078912.000000 1427561856.000000 6079100416.000000 3366749696.000000 1877815296.000000 4477758976.000000 5952145920.000000 2684893952.000000 1114772992.000000 2480348672.000000 2998248192.000000 2990638592.000000 1664814592.000000 1060776576.000000 230947040.000000 5969500672.000000 637585664.000000 1424880768.000000 443327744.000000 2138358784.000000 2419552768.000000 3191297536.000000 5970535424.000000 5395255808.000000 2432647680.000000 222183136.000000 1996908032.000000 4211991040.000000 60252444.000000 3928195072.000000 3901786368.000000 24880662.000000 5355756544.000000 3538436096.000000 3391630080.000000 791121216.000000 1573743872.000000 2901325056.000000 3476015104.000000 2688517120.000000 5381673472.000000 31812416.000000 5679155712.000000 604037248.000000 1092589056.000000 5910102528.000000 131087328.000000 1730174720.000000 892532480.000000 574415104.000000 3868533504.000000 3312085248.000000 3765712896.000000 3396617728.000000 2264889856.000000 6198360576.000000 3618801152.000000 4261797888.000000 3967900672.000000 3679053312.000000 1747542016.000000 1427236352.000000 3703934208.000000 660847872.000000 4965672448.000000 653113216.000000 1451969024.000000 96965472.000000 3554438400.000000 4927984640.000000 2785482496.000000 2493661184.000000 4959796736.000000 2022187264.000000 3097698304.000000 6052385792.000000 1489838848.000000 3228785664.000000 1340109568.000000 2382371328.000000 3803201024.000000 5208643072.000000 5694456832.000000 1126462592.000000 2162809856.000000 1516895488.000000 882372096.000000 5781610496.000000 5778693632.000000 4850272768.000000 3018213376.000000 1083784320.000000 6277509632.000000 279696512.000000 1744632192.000000 4800731136.000000 932809728.000000 3196601344.000000 4897696768.000000 4487247872.000000 1682134656.000000 1240728064.000000 538458112.000000 199480512.000000 3262915072.000000 3636156672.000000 6251866112.000000 4752753664.000000 422491296.000000 1149524992.000000 692674432.000000 4225692160.000000 6358168064.000000 6387130880.000000 5352154624.000000 2078526976.000000 1461575424.000000 6234526720.000000 1417686784.000000 797817728.000000 4642349056.000000 4435899904.000000 1881602048.000000 4477407232.000000 4715596800.000000 3626234368.000000 2835687424.000000 5648406528.000000 380384704.000000 1290932992.000000 3693203712.000000 2062519296.000000 2531660800.000000 4231661568.000000 2261999872.000000 5794576384.000000 1425367296.000000 2071415296.000000 4104879104.000000 1847858432.000000 3220940288.000000 4797553664.000000 6073550848.000000 3136657152.000000 4742233088.000000 4983254528.000000 5215183872.000000 6203808768.000000 4775330304.000000 190419872.000000 559175616.000000 2975228416.000000 4626319872.000000 2440777728.000000 1010184832.000000 2899465984.000000 6067012096.000000 3845872128.000000 2105421312.000000 4945827.000000 5136805376.000000 5798625280.000000 2067465216.000000 1226015232.000000 3587835648.000000 4329465344.000000 578140352.000000 5013202944.000000 6400880128.000000 4683019264.000000 418610624.000000 3179369472.000000 3038121984.000000 49710372.000000 6316026880.000000 1337904512.000000 5032964608.000000 5088759808.000000 1099262336.000000 3365843968.000000 5279179264.000000 1658438016.000000 6341072896.000000 3463048704.000000 4099215872.000000 908806464.000000 6362514432.000000 3723777024.000000 4754678784.000000 2025484800.000000 3728722432.000000 3449033216.000000 1381658880.000000 5796187648.000000 4675048448.000000 4969494528.000000 3683202048.000000 5253188608.000000 3540246528.000000 3641631232.000000 3493757184.000000 3958857216.000000 378549984.000000 89428352.000000 4008567552.000000 252125632.000000 1427332864.000000 2599081472.000000 5340884992.000000 2526595072.000000 5964925952.000000 4177613824.000000 4185033216.000000 5863547392.000000 1198211584.000000 1841798016.000000 329902976.000000 1118275072.000000 5565574656.000000 5084581888.000000 3143759872.000000 2851846656.000000 2091163904.000000 4525419008.000000 2205583360.000000 323761472.000000 3052462592.000000 5888785408.000000 5576950272.000000 150258096.000000 3087966208.000000 2628256768.000000 4109115392.000000 3466516224.000000 2717684992.000000 1675231872.000000 3718641664.000000 4145017856.000000 4274313728.000000 2617076224.000000 229162048.000000 3796788224.000000 -352239008.000000 -4414195200.000000 -3217884672.000000 -1550450560.000000 -6255993344.000000 -3547787520.000000 -2668725760.000000 -5379117056.000000 -2189918720.000000 -5812485632.000000 -1788512640.000000 -4281082368.000000 -3895453440.000000 -3994096128.000000 -4604844032.000000 -505464960.000000 -3440431104.000000 -3739343360.000000 -655723072.000000 -85946176.000000 -6367599616.000000 -4764838400.000000 -3552462336.000000 -2642833920.000000 -6440070656.000000 -828653056.000000 -345400832.000000 -4271932928.000000 -3445729280.000000 -574562880.000000 -1626270208.000000 -3797968128.000000 -4988758016.000000 -4844154880.000000 -5348418560.000000 -4802299904.000000 -1949491584.000000 -1574693376.000000 -3738966528.000000 -4139410176.000000 -944728064.000000 -5527479296.000000 -1978041600.000000 -4840181248.000000 -3079124480.000000 -140434688.000000 -5345646592.000000 -77104592.000000 -3879777792.000000 -6001369088.000000 163050784.000000 3804926976.000000 4323757056.000000 3715512832.000000 5309916.000000 4321376256.000000 4544165888.000000 350710752.000000 2150858240.000000 1547444352.000000 925273600.000000 3777128448.000000 5345412608.000000 5914031616.000000 2178832384.000000 4251380224.000000 4273881088.000000 4128324096.000000 5826073600.000000 1570396544.000000 1825283328.000000 328350784.000000 655424768.000000 3803324928.000000 5168531968.000000 3734549504.000000 3943759360.000000 4071727872.000000 3811653888.000000 1381086592.000000 3630646272.000000 3974704640.000000 5186013184.000000 1511952384.000000 1247766784.000000 5191323136.000000 5833328640.000000 5791932928.000000 5542034432.000000 1541736192.000000 896926272.000000 24856824.000000 5318864896.000000 6242338816.000000 5938888704.000000 1055246080.000000 4051268096.000000 3770318592.000000 5183570432.000000 3434890752.000000 5340715008.000000 566402496.000000 3763241472.000000 5996140032.000000 4369727488.000000 2489323008.000000 3288238080.000000 1871035904.000000 118599768.000000 657441216.000000 3252122624.000000 3749246208.000000 4632145920.000000 1995685248.000000 5261198336.000000 5879912448.000000 744557696.000000 4652076032.000000 5229394432.000000 6286592000.000000 6193812480.000000 6126321152.000000 6311448576.000000 5070226432.000000 5926208512.000000 5807886336.000000 6125472256.000000 3535026176.000000 3135753984.000000 4866591744.000000 527465856.000000 2034018048.000000 5432993792.000000 4290707456.000000 1587707136.000000 3360270848.000000 337579520.000000 4875944960.000000 5231306752.000000 456179264.000000 5533386752.000000 2040978432.000000 4205425664.000000 3723081728.000000 4036663808.000000 3024173056.000000 3160543232.000000 4781221376.000000 1233798400.000000 1947486976.000000 4625361920.000000 985159936.000000 1631356800.000000 4494359552.000000 6055386112.000000 1115114624.000000 3859795200.000000 5738407936.000000 4650140672.000000 553098112.000000 4162548480.000000 5177606144.000000 2587116288.000000 3153091584.000000 3025862912.000000 4174823424.000000 70911280.000000 3363442688.000000 2608317696.000000 5302217728.000000 3819621888.000000 1699253376.000000 900745472.000000 1582596224.000000 5422334976.000000 4937409024.000000 4606769152.000000 2140427136.000000 3276179456.000000 5840567296.000000 4087914240.000000 1459090432.000000 383276608.000000 5719270400.000000 5953450496.000000 6438662656.000000 391934464.000000 3370794496.000000 5734619648.000000 5042074624.000000 3923892480.000000 3454716928.000000 3777230336.000000 68557848.000000 165357616.000000 360642304.000000 4243381248.000000 236268896.000000 3724084736.000000 409248000.000000 5538486784.000000 1101255552.000000 2108501376.000000 6439232512.000000 2683851776.000000 1088385408.000000 4934190080.000000 848170112.000000 3228812544.000000 1767918720.000000 246286704.000000 874275712.000000 3227009280.000000 629563328.000000 151095680.000000 2738008576.000000 625775232.000000 543030080.000000 6108803072.000000 6360394752.000000 5585104896.000000 3590244864.000000 3372660736.000000 2919884288.000000 3658802688.000000 3538018560.000000 3280526592.000000 1459732736.000000 3774287360.000000 562160576.000000 1868980736.000000 2870323200.000000 1663416192.000000 3977482240.000000 2867104512.000000 4347268096.000000 5065867776.000000 1358844032.000000 5195438080.000000 1852229632.000000 3126762496.000000 5441724416.000000 2726505216.000000 6353772032.000000 6071287808.000000 2877601024.000000 2649329664.000000 254612384.000000 3420631040.000000 2315681792.000000 172556192.000000 2563285248.000000 5905926656.000000 3545217024.000000 5483169792.000000 3122278144.000000 640784448.000000 2321245440.000000 4582010880.000000 4415071744.000000 2883406080.000000 8540931.000000 842944000.000000 4546822144.000000 3986023424.000000 3710048768.000000 2451639296.000000 2609440256.000000 5068892672.000000 1204626304.000000 4461669376.000000 1753204224.000000 203900112.000000 745723904.000000 1664525184.000000 6275188224.000000 3623324928.000000 4313854976.000000 87349648.000000 601504960.000000 187085616.000000 259905840.000000 3164790272.000000 6093011968.000000 3805122816.000000 2205508864.000000 2772839424.000000 4445907456.000000 4526753792.000000 912399360.000000 2418528000.000000 967709312.000000 920940288.000000 3261472256.000000 5514531328.000000 4906963456.000000 529069728.000000 1523719808.000000 1073952768.000000 5597962240.000000 2728346112.000000 5535622144.000000 908715520.000000 2932246016.000000 6281346048.000000 2573240832.000000 2764983296.000000 3462220032.000000 444644672.000000 2852333056.000000 4063725056.000000 631730304.000000 3112239104.000000 786064256.000000 282291488.000000 474910784.000000 2991572992.000000 3055130880.000000 4920817664.000000 1075876224.000000 3967530240.000000 896895168.000000 2043585536.000000 4888470528.000000 4158367232.000000 1115666048.000000 3352983040.000000 4687436800.000000 2639385856.000000 4426935808.000000 3842948352.000000 5367731712.000000 3520107264.000000 4751664128.000000 1857527040.000000 3359002368.000000 882453760.000000 4622510592.000000 378771680.000000 1327098368.000000 1032392640.000000 4442497024.000000 1958828800.000000 4144631296.000000 5228560896.000000 2241120256.000000 4619542528.000000 1777683072.000000 5296250880.000000 3097909504.000000 2853559296.000000 2821330432.000000 3994804736.000000 4897144832.000000 1267349888.000000 1710721024.000000 6012811264.000000 4620333056.000000 6398157824.000000 2209745664.000000 2604817920.000000 3798655488.000000 1135026688.000000 6124924928.000000 2107868416.000000 2992553728.000000 3041476864.000000 2990322176.000000 1172613120.000000 3420248576.000000 4317420544.000000 2205005824.000000 1420294272.000000 6276249088.000000 6349637632.000000 206404320.000000 2074918400.000000 4526728704.000000 1984087296.000000 928718720.000000 1182187264.000000 4837646336.000000 3750049280.000000 5176991744.000000 3292340736.000000 5017398784.000000 445262112.000000 2862700544.000000 3195280896.000000 400969216.000000 5072446464.000000 5800098816.000000 4199624448.000000 6207472640.000000 5482573312.000000 6307492864.000000 2757575680.000000 2081599104.000000 2855364096.000000 3930188544.000000 5501847552.000000 730333632.000000 6135194624.000000 479691008.000000 564131968.000000 6042380800.000000 686095360.000000 2639050496.000000 4126658560.000000 2670182912.000000 3567769344.000000 5308846080.000000 1065378560.000000 875367168.000000 4043387136.000000 4357719040.000000 5892766208.000000 4488648704.000000 777968704.000000 2645596160.000000 4889618432.000000 5850415104.000000 2003244032.000000 2646791680.000000 5615436800.000000 1043366528.000000 2511833856.000000 1930561536.000000 3124965632.000000 5367197696.000000 5860750336.000000 2184362496.000000 6097531392.000000 5553493504.000000 2664053248.000000 219212544.000000 5153423360.000000 3350148864.000000 2858263040.000000 2837631488.000000 6020331520.000000 6426032128.000000 1704026368.000000 643259008.000000 858948480.000000 5747412992.000000 5000978432.000000 309263552.000000 3793611264.000000 5778947072.000000 2954859520.000000 2240778752.000000 5186910720.000000 4958104064.000000 4887570432.000000 4359897088.000000 6001470464.000000 956953472.000000 6290458624.000000 2683985152.000000 6324151296.000000 5708757504.000000 4868347392.000000 5979231744.000000 4819800064.000000 1089949952.000000 6198444032.000000 3530772992.000000 4440098816.000000 2614256640.000000 6368404480.000000 4017979392.000000 2597837824.000000 1629979776.000000 4661238272.000000 3456786432.000000 934941952.000000 3219765504.000000 3766049792.000000 4728553472.000000 2556261376.000000 278458560.000000 526881024.000000 1300721280.000000 5236562432.000000 5414451200.000000 5660618240.000000 4795581440.000000 6371404800.000000 5508625408.000000 1037115840.000000 6253105152.000000 4774931968.000000 5905463296.000000 5789886464.000000 3152281600.000000 552962368.000000 5545879552.000000 240603616.000000 4993060864.000000 1717685376.000000 166557056.000000 2568589312.000000 4315523072.000000 1796536704.000000 787376768.000000 1329858560.000000 2731478784.000000 4007142144.000000 5095908352.000000 1017581184.000000 120952688.000000 5374366720.000000 1544462208.000000 1421673984.000000 4168478720.000000 516462848.000000 639841216.000000 2521609216.000000 445416864.000000 6148466688.000000 3558725120.000000 256071296.000000 4480947712.000000 3021737472.000000 6045957632.000000 1190778368.000000 3574699776.000000 5149386752.000000 1431382016.000000 2125309952.000000 424620960.000000 1597939200.000000 4693899264.000000 4740144128.000000 3394476032.000000 5481276416.000000 6070002688.000000 6125954560.000000 3045967360.000000 4723460096.000000 701084992.000000 3166920192.000000 3655376384.000000 2245547264.000000 4588594176.000000 1381403776.000000 2762010112.000000 5228435456.000000 3903012864.000000 3207427072.000000 4934451200.000000 1019287168.000000 3463498240.000000 2972948224.000000 4041024768.000000 3067004928.000000 4163726592.000000 1173273600.000000 1773940480.000000 5595108352.000000 3298583552.000000 2198561536.000000 750596864.000000 1550032000.000000 496254720.000000 4145072640.000000 588857280.000000 123806592.000000 3828576256.000000 3634824704.000000 4847266816.000000 4529661952.000000 359294016.000000 2060192256.000000 332757856.000000 4947888128.000000 3441596160.000000 3094767872.000000 3733872640.000000 902158208.000000 6302194688.000000 2225872896.000000 1921445376.000000 3323242496.000000 5198820864.000000 5962470400.000000 6390247424.000000 2920096512.000000 693292608.000000 1721736704.000000 2072754176.000000 3991876096.000000 3920298240.000000 2823351296.000000 5541907968.000000 4416552960.000000 525972928.000000 6130765312.000000 4540359680.000000 4354549760.000000 3323139072.000000 2945175552.000000 2441760256.000000 3682433280.000000 5005367808.000000 2774517760.000000 2187870464.000000 2004513024.000000 5869285888.000000 5921742848.000000 2906671104.000000 -5729030144.000000 -1705165056.000000 -4828116480.000000 -2609821440.000000 -461535072.000000 -4348135424.000000 -2557617664.000000 -3381631488.000000 -5041427968.000000 -4279354368.000000 -5454386176.000000 -2590853120.000000 -1757201920.000000 -1835286016.000000 -1690310400.000000 -6173754368.000000 -2361259008.000000 -1378625024.000000 -4271663104.000000 -273357472.000000 -4701764608.000000 -774387968.000000 -2715117568.000000 -1941746432.000000 -5779755520.000000 -5489635328.000000 -4129616896.000000 -1341817728.000000 -4916470784.000000 -3608909312.000000 -4248488960.000000 -4203049728.000000 -5314074112.000000 -2634154496.000000 -370420032.000000 -5775609856.000000 -539838912.000000 -2928037888.000000 -2714790144.000000 -5581266944.000000 -764941312.000000 -1726725120.000000 -1729669248.000000 -2522143232.000000 -3562010880.000000 -3419979776.000000 -2253446912.000000 -5923269632.000000 -4798604288.000000 -82659440.000000 6196627456.000000 3057917952.000000 857047424.000000 2469294080.000000 4999664640.000000 194352240.000000 1516478720.000000 2686830592.000000 1536169984.000000 6432949248.000000 6295739904.000000 5784658944.000000 4193548032.000000 5167363072.000000 1976362368.000000 4563968000.000000 4500521984.000000 2516201216.000000 1049554816.000000 772861120.000000 1655017344.000000 1814496256.000000 2499586048.000000 3384686592.000000 4336638976.000000 6061597696.000000 362215456.000000 147635264.000000 5542416384.000000 5160820224.000000 230294720.000000 5296592896.000000 1776287232.000000 1087342080.000000 1323435904.000000 333500800.000000 1281694336.000000 2839914496.000000 3020331520.000000 2817864448.000000 2830412800.000000 2873620224.000000 2160072448.000000 581510016.000000 1598532608.000000 4136434688.000000 5145478144.000000 6099054592.000000 210185056.000000 6195033088.000000 429464736.000000 1865202432.000000 1567078016.000000 2929051136.000000 5249889280.000000 5903717376.000000 2548197376.000000 5612104192.000000 6051352576.000000 1648162560.000000 4330473472.000000 6281647104.000000 502304512.000000 6106760704.000000 926538432.000000 1825740544.000000 6440261632.000000 2208232704.000000 4665655296.000000 3018142208.000000 5026097152.000000 1053617152.000000 5891762176.000000 743718592.000000 1635127296.000000 1047844224.000000 4880153600.000000 338154336.000000 704447872.000000 5090338816.000000 90736248.000000 1133912576.000000 513089856.000000 1657814272.000000 4062963456.000000 5762978816.000000 1119080576.000000 168709856.000000 4932632576.000000 727982144.000000 1816872448.000000 2820655104.000000 567178432.000000 2319176704.000000 2484965120.000000 1493716736.000000 4144917504.000000 2482776064.000000 3701949696.000000 2368121344.000000 5500918272.000000 2285595904.000000 3421738752.000000 4950229504.000000 3029314304.000000 5056866304.000000 5998073856.000000 1467016832.000000 5395020288.000000 260070912.000000 114904248.000000 5485756928.000000 1393983488.000000 627994112.000000 701119936.000000 5456947200.000000 6390972928.000000 1820200448.000000 5625656832.000000 4881154560.000000 2548182784.000000 1000078336.000000 1259358720.000000 3115361024.000000 3319255296.000000 3744323584.000000 4609077760.000000 1021721728.000000 6227099648.000000 1868576640.000000 3389843456.000000 5285567488.000000 4154172416.000000 369131200.000000 3793346048.000000 741035904.000000 5425997312.000000 3348969216.000000 2208052736.000000 4378566656.000000 3609040128.000000 2322956800.000000 3421872384.000000 5003023360.000000 2950951168.000000 4122992128.000000 4017519616.000000 2899472896.000000 5943193088.000000 3200725504.000000 1338176512.000000 2048924544.000000 4200804096.000000 2597535232.000000 5164285440.000000 1077608320.000000 6341859328.000000 3330912256.000000 2099330048.000000 6126508032.000000 5199489024.000000 5489173504.000000 4969624576.000000 2911210496.000000 5858305024.000000 2320519424.000000 3652246528.000000 4841850880.000000 5669488640.000000 5860299264.000000 2777966592.000000 2836077568.000000 1740805248.000000 6199838720.000000 1396649984.000000 4691756032.000000 3880380416.000000 5414169600.000000 1148778496.000000 3381122048.000000 2172444160.000000 2486955008.000000 5430046720.000000 6373248512.000000 5084490240.000000 4151881216.000000 1008405632.000000 4983898112.000000 1040342912.000000 3107735808.000000 4667955200.000000 6239832064.000000 2154458368.000000 3195129088.000000 2708591616.000000 1570312064.000000 5515648512.000000 6360838144.000000 6412163072.000000 4742685696.000000 5778685952.000000 2747678720.000000 1136312320.000000 1077040640.000000 2505066496.000000 -2532962304.000000 -5768796672.000000 -6385446912.000000 -1504681088.000000 -475124288.000000 -3324118016.000000 -3677125120.000000 -2962079232.000000 -2311713536.000000 -3607922688.000000 -1604118528.000000 -21143948.000000 -4616328192.000000 -145566000.000000 -1061486784.000000 -1281612928.000000 -4813521408.000000 -858867840.000000 -3436071168.000000 -1566199552.000000 -3567459328.000000 -5006383104.000000 -639397056.000000 -3485846784.000000 -4976095232.000000 -5382083072.000000 -2822082048.000000 -1281322880.000000 -75944368.000000 -3899122688.000000 -3786389504.000000 -2608906752.000000 -3225468672.000000 -3729385472.000000 -4113587712.000000 -3700593152.000000 -611052352.000000 -1348262144.000000 -220221184.000000 -2922766080.000000 -4956184576.000000 -1824339712.000000 -2943909888.000000 -3130061824.000000 -1969905792.000000 -4005396992.000000 -4411675136.000000 -340976384.000000 -4864264704.000000 -1405295104.000000 1907175936.000000 1989273088.000000 6411678208.000000 2546573056.000000 5475119616.000000 4945322496.000000 1486204928.000000 1854750720.000000 6226644992.000000 1562149376.000000 5753873408.000000 3570584064.000000 4171056128.000000 2536890880.000000 857518208.000000 1842192896.000000 6237483520.000000 1468570624.000000 3190455296.000000 15254016.000000 4391336448.000000 1704188928.000000 1839593728.000000 892795584.000000 4834250752.000000 3809499648.000000 4898192384.000000 2803474688.000000 4150475776.000000 3320006144.000000 4208769792.000000 6057651712.000000 5309278720.000000 4177997312.000000 2161773824.000000 4341947392.000000 2680869120.000000 3647979008.000000 6196698112.000000 2465063680.000000 5210128384.000000 5508120576.000000 6035647488.000000 2938733312.000000 1602560640.000000 450714688.000000 4780926464.000000 1397593472.000000 1919285248.000000 1528930688.000000 1412847488.000000 6310621696.000000 -3233119488.000000 -3252441088.000000 -760966400.000000 -1624919424.000000 -619489792.000000 -5659158528.000000 -4428394496.000000 -4769965568.000000 -2536713728.000000 -2194713088.000000 -4385166336.000000 -1403541504.000000 -6372710912.000000 -104489496.000000 -5745488896.000000 -2611128832.000000 -3752468480.000000 -5499736064.000000 -5076192256.000000 -2520145664.000000 -4565406208.000000 -4669388800.000000 -5458878976.000000 -6167966720.000000 -5120103424.000000 -3797355008.000000 -1123109248.000000 -596937728.000000 -5326285312.000000 -2535956736.000000 -465108576.000000 -2116954112.000000 -5788398080.000000 -1226074880.000000 -3741873664.000000 -6407887872.000000 -442782624.000000 -1727816960.000000 -4735402496.000000 -2979496192.000000 -3922530048.000000 -2678117888.000000 -4383037952.000000 -3852789760.000000 -2782607360.000000 -3686075904.000000 -21467684.000000 -92624904.000000 -2743361536.000000 -5097659904.000000 2612770816.000000 866316672.000000 3324597760.000000 1629198848.000000 591832448.000000 2002250240.000000 5426553856.000000 1714941696.000000 2599187968.000000 4310388224.000000 4250898432.000000 3064296448.000000 6427342336.000000 3596845568.000000 4290371328.000000 3726765056.000000 3562282496.000000 4733154304.000000 5454582272.000000 1855233536.000000 1270199424.000000 2934661120.000000 4533351424.000000 5653237248.000000 345000288.000000 873508032.000000 2896862208.000000 366467968.000000 966132992.000000 5640223744.000000 5464128000.000000 3578903808.000000 64089300.000000 2346274816.000000 5208102400.000000 655921792.000000 4348525056.000000 4192205312.000000 2370863360.000000 505262112.000000 2060142592.000000 179310976.000000 3569558784.000000 2045033984.000000 3776156672.000000 1417479296.000000 5771799040.000000 895987712.000000 6150633472.000000 4783929856.000000 2751221248.000000 978381888.000000 1276140544.000000 842121856.000000 189168160.000000 1621140864.000000 1715630080.000000 3086030336.000000 1987608832.000000 2681762816.000000 2283802880.000000 1009285760.000000 6260666368.000000 2347892224.000000 3355560448.000000 5026318336.000000 3003814144.000000 1261634560.000000 2776072448.000000 5374677504.000000 1766896640.000000 4836214784.000000 5553988608.000000 5336455168.000000 438798208.000000 2887694080.000000 311483648.000000 6210596864.000000 3783681792.000000 19666098.000000 4552076288.000000 92452064.000000 998048000.000000 5828216832.000000 934574016.000000 1187216128.000000 1006906880.000000 2650203904.000000 4273246464.000000 2994515712.000000 5331966976.000000 114598592.000000 4003801344.000000 5150182400.000000 2462491136.000000 916910976.000000 3734049280.000000 5466305024.000000 2178545408.000000 67671152.000000 4398531584.000000 3945442304.000000 4903886336.000000 3510069248.000000 2839446528.000000 5342684672.000000 6397763584.000000 3150930176.000000 5110830592.000000 3738994176.000000 3170596352.000000 3220456448.000000 3831446016.000000 4168644608.000000 2606222336.000000 4766020096.000000 5355860480.000000 3613129216.000000 973773120.000000 3186656000.000000 165193984.000000 6305739776.000000 3301254656.000000 4168995328.000000 5013471232.000000 5763745792.000000 5085906432.000000 2305070080.000000 4787599360.000000 822000960.000000 2372741120.000000 2743680512.000000 4767443456.000000 834176448.000000 6253749248.000000 1164438912.000000 6176860672.000000 6209061888.000000 4315368960.000000 4845240832.000000 3505605120.000000 1043514496.000000 1623246080.000000 894600192.000000 5212158976.000000 4229468672.000000 5660620288.000000 4125568512.000000 1400146944.000000 191942464.000000 869773632.000000 1565340928.000000 55231416.000000 4171028480.000000 5734336000.000000 5068702720.000000 3492322816.000000 4377791488.000000 931321728.000000 1837471744.000000 5199792640.000000 3304062720.000000 4581152256.000000 3524784640.000000 4138239488.000000 4392451072.000000 4689223680.000000 3872649216.000000 4159061760.000000 2562142208.000000 2275439104.000000 1222215808.000000 3605656576.000000 3898685184.000000 2116816128.000000 2375364608.000000 1685702912.000000 1334985472.000000 58482032.000000 3085849856.000000 1526927872.000000 928255680.000000 4651190784.000000 1582159360.000000 5099284480.000000 3943075840.000000 208411152.000000 2149156352.000000 1878416896.000000 1139732864.000000 3986628096.000000 635758592.000000 4443795968.000000 2125329024.000000 4160543744.000000 2139584000.000000 75328928.000000 2407316480.000000 6012233728.000000 4234390528.000000 4969458688.000000 1845221632.000000 5456606720.000000 2132664064.000000 5743906816.000000 1130971648.000000 4508028416.000000 987158784.000000 2465957120.000000 4566510592.000000 4073008640.000000 3992884992.000000 5494766080.000000 2281748480.000000 5575044608.000000 4151599104.000000 6224824320.000000 5783455744.000000 6300755456.000000 1660790400.000000 480737472.000000 3844932608.000000 2296549120.000000 4924533248.000000 5970261504.000000 14641599.000000 621666304.000000 6045590528.000000 2421958144.000000 191448656.000000 3837530112.000000 948965504.000000 2036670208.000000 2851685888.000000 3081629440.000000 1338125952.000000 3982657536.000000 1147206912.000000 2325284864.000000 6163575.000000 5713717248.000000 6398292992.000000 3999048704.000000 4766032384.000000 2237590784.000000 3131642112.000000 2475180800.000000 2019964416.000000 2472646656.000000 2333485568.000000 3680754688.000000 2953384192.000000 6178417664.000000 5977303552.000000 1435466240.000000 5706228736.000000 5991945216.000000 2057132544.000000 5309367808.000000 1971452416.000000 2248581376.000000 2704447232.000000 2920417792.000000 4285251584.000000 5556133376.000000 6002046976.000000 5623377408.000000 3096339712.000000 706803200.000000 1506211200.000000 3102503168.000000 6420520960.000000 1462053632.000000 659100800.000000 4744102400.000000 3699644160.000000 3790742784.000000 776832256.000000 5719608320.000000 6263389184.000000 3110317824.000000 2957912576.000000 2774322688.000000 2846284800.000000 2492765184.000000 4209788928.000000 2110062336.000000 2042259712.000000 6266921472.000000 976979328.000000 4013711872.000000 2073052032.000000 3681426944.000000 491678912.000000 6358303744.000000 2795108864.000000 51275244.000000 5539229696.000000 5891448832.000000 758078464.000000 602990080.000000 2551500800.000000 736148096.000000 2065043456.000000 3210601472.000000 5480250368.000000 5764687872.000000 -558893312.000000 -6257082368.000000 -5041845248.000000 -379831936.000000 -2924949504.000000 -1557307136.000000 -3154154496.000000 -5771234304.000000 -4050072576.000000 -921492672.000000 -1438845440.000000 -6092332032.000000 -745963264.000000 -2415824896.000000 -3663592960.000000 -2819015168.000000 -6097251328.000000 -4155272192.000000 -2734867456.000000 -2449909504.000000 -4206547456.000000 -1831646592.000000 -1898906880.000000 -4964625920.000000 -2434636544.000000 -4450407424.000000 -5700773888.000000 -4499680256.000000 -1218557952.000000 -4738573312.000000 -3821917184.000000 -1777451264.000000 -4553205248.000000 -2421312000.000000 -2157283328.000000 -1035703680.000000 -3978618880.000000 -5311437824.000000 -364486912.000000 -1586240640.000000 -6232930304.000000 -1803332352.000000 -1236121728.000000 -536442880.000000 -4219157504.000000 -4899715072.000000 -3355458048.000000 -3873957888.000000 -2612536064.000000 -6090325504.000000 6323867136.000000 -376632640.000000 -1479521408.000000 -1780323328.000000 -5341258240.000000 -3914158080.000000 -6230730752.000000 -4599581696.000000 -1971387264.000000 -1006837824.000000 -2895704064.000000 -5793304576.000000 -2784289280.000000 -1006458112.000000 -1772165376.000000 -4941572096.000000 -2042161920.000000 -5750784512.000000 -3810558976.000000 -2406648832.000000 -894574272.000000 -3601038848.000000 -4209981440.000000 -2130695936.000000 -4137481728.000000 -1986687488.000000 -587960000.000000 -1050488832.000000 -5860645376.000000 -3200496128.000000 -698363648.000000 -5742061568.000000 -3577128960.000000 -2177884928.000000 -1079934080.000000 -2475936256.000000 -6092042752.000000 -868213824.000000 -633066880.000000 -1620979456.000000 -1875051648.000000 -3528770560.000000 -971832832.000000 -4659340800.000000 -4535228928.000000 -2743998464.000000 -3158462208.000000 -134939952.000000 -2052332032.000000 -526570624.000000 -2541588736.000000 2946906112.000000 0.000000 0.000000 0.000000 0.000000 0.000000 0.000000 0.000000 0.000000 0.000000 0.000000 0.000000 0.000000 0.000000 0.000000 0.000000 0.000000 0.000000 0.000000 0.000000 0.000000 0.000000 0.000000 0.000000 0.000000 0.000000 0.000000 0.000000 0.000000 0.000000 0.000000 0.000000 0.000000 0.000000 0.000000 0.000000 0.000000 0.000000 0.000000 0.000000 0.000000 0.000000 0.000000 0.000000 0.000000 0.000000 0.000000 0.000000 0.000000 0.000000 0.000000 0.000000 0.000000 0.000000 0.000000 0.000000 0.000000 0.000000 0.000000 0.000000 0.000000 0.000000 0.000000 0.000000 0.000000 0.000000 0.000000 0.000000 0.000000 0.000000 0.000000 0.000000 0.000000 0.000000 0.000000 0.000000 0.000000 0.000000 0.000000 0.000000 0.000000 0.000000 0.000000 0.000000 0.000000 0.000000 0.000000 0.000000 0.000000 0.000000 0.000000 0.000000 0.000000 0.000000 0.000000 0.000000 0.000000 0.000000 0.000000 0.000000 0.000000 0.000000 0.000000 0.000000 0.000000 0.000000 0.000000 0.000000 0.000000 0.000000 0.000000 0.000000 0.000000 0.000000 0.000000 0.000000 0.000000 0.000000 0.000000 0.000000 0.000000 0.000000 0.000000 0.000000 0.000000 0.000000 0.000000 0.000000 0.000000 0.000000 0.000000 0.000000 0.000000 0.000000 0.000000 0.000000 0.000000 0.000000 0.000000 0.000000 0.000000 0.000000 0.000000 0.000000 0.000000 0.000000 0.000000 0.000000 0.000000 0.000000 0.000000 0.000000 0.000000 0.000000 0.000000 0.000000 0.000000 0.000000 0.000000 0.000000 0.000000 0.000000 0.000000 0.000000 0.000000 0.000000 0.000000 0.000000 0.000000 0.000000 0.000000 0.000000 0.000000 0.000000 0.000000 0.000000 0.000000 0.000000 0.000000 0.000000 0.000000 0.000000 0.000000 0.000000 0.000000 0.000000 0.000000 0.000000 0.000000 0.000000 0.000000 0.000000 0.000000 0.000000 0.000000 0.000000 0.000000 0.000000 0.000000 0.000000 0.000000 0.000000 0.000000 0.000000 0.000000 0.000000 0.000000 0.000000 0.000000 0.000000 0.000000 0.000000 0.000000 0.000000 0.000000 0.000000 0.000000 0.000000 0.000000 0.000000 0.000000 0.000000 0.000000 0.000000 0.000000 0.000000 0.000000 0.000000 0.000000 0.000000 0.000000 0.000000 0.000000 0.000000 0.000000 0.000000 0.000000 0.000000 0.000000 0.000000 0.000000 0.000000 0.000000 0.000000 0.000000 0.000000 0.000000 0.000000 0.000000 0.000000 0.000000 0.000000 0.000000 0.000000 0.000000 0.000000 0.000000 0.000000 0.000000 0.000000 0.000000 0.000000 0.000000 0.000000 0.000000 0.000000 0.000000 0.000000 0.000000 0.000000 0.000000 0.000000 0.000000 0.000000 0.000000 0.000000 0.000000 0.000000 0.000000 0.000000 0.000000 0.000000 0.000000 0.000000 0.000000 0.000000 0.000000 0.000000 0.000000 0.000000 0.000000 0.000000 0.000000 0.000000 0.000000 0.000000 0.000000 0.000000 0.000000 0.000000 0.000000 0.000000 0.000000 0.000000 0.000000 0.000000 0.000000 0.000000 0.000000 0.000000 0.000000 0.000000 0.000000 0.000000 0.000000 0.000000 0.000000 0.000000 0.000000 0.000000 0.000000 0.000000 0.000000 0.000000 0.000000 0.000000 0.000000 0.000000 0.000000 0.000000 0.000000 0.000000 0.000000 0.000000 0.000000 0.000000 0.000000 0.000000 0.000000 0.000000 0.000000 0.000000 0.000000 0.000000 0.000000 0.000000 0.000000 0.000000 0.000000 0.000000 0.000000 0.000000 0.000000 0.000000 0.000000 0.000000 0.000000 0.000000 0.000000 0.000000 0.000000 0.000000 0.000000 0.000000 0.000000 0.000000 0.000000 0.000000 0.000000 0.000000 0.000000 0.000000 0.000000 0.000000 0.000000 0.000000 0.000000 0.000000 0.000000 0.000000 0.000000 0.000000 0.000000 0.000000 0.000000 0.000000 0.000000 0.000000 0.000000 0.000000 0.000000 0.000000 0.000000 0.000000 0.000000 0.000000 0.000000 0.000000 0.000000 0.000000 0.000000 0.000000 0.000000 0.000000 0.000000 0.000000 0.000000 0.000000 0.000000 0.000000 0.000000 0.000000 0.000000 0.000000 0.000000 0.000000 0.000000 0.000000 0.000000 0.000000 0.000000 0.000000 0.000000 0.000000 0.000000 0.000000 0.000000 0.000000 0.000000 0.000000 0.000000 0.000000 0.000000 0.000000 0.000000 0.000000 0.000000 0.000000 0.000000 0.000000 0.000000 0.000000 0.000000 0.000000 0.000000 0.000000 0.000000 0.000000 0.000000 0.000000 0.000000 0.000000 0.000000 0.000000 0.000000 0.000000 0.000000 0.000000 0.000000 0.000000 0.000000 0.000000 0.000000 0.000000 0.000000 0.000000 0.000000 0.000000 0.000000 0.000000 0.000000 0.000000 0.000000 0.000000 0.000000 0.000000 0.000000 0.000000 0.000000 0.000000 0.000000 0.000000 0.000000 0.000000 0.000000 0.000000 0.000000 0.000000 0.000000 0.000000 0.000000 0.000000 0.000000 0.000000 0.000000 0.000000 0.000000 0.000000 0.000000 0.000000 0.000000 0.000000 0.000000 0.000000 0.000000 0.000000 0.000000 0.000000 0.000000 0.000000 0.000000 0.000000 0.000000 0.000000 0.000000 0.000000 0.000000 0.000000 0.000000 0.000000 0.000000 0.000000 0.000000 0.000000 0.000000 0.000000 0.000000 0.000000 0.000000 0.000000 0.000000 0.000000 0.000000 0.000000 0.000000 0.000000 0.000000 0.000000 0.000000 0.000000 0.000000 0.000000 0.000000 0.000000 0.000000 0.000000 0.000000 0.000000 0.000000 0.000000 0.000000 0.000000 0.000000 0.000000 0.000000 0.000000 0.000000 0.000000 0.000000 0.000000 0.000000 0.000000 0.000000 0.000000 0.000000 0.000000 0.000000 0.000000 0.000000 0.000000 0.000000 0.000000 0.000000 0.000000 0.000000 0.000000 0.000000 0.000000 0.000000 0.000000 0.000000 0.000000 0.000000 0.000000 0.000000 0.000000 0.000000 0.000000 0.000000 0.000000 0.000000 0.000000 0.000000 0.000000 0.000000 0.000000 0.000000 0.000000 0.000000 0.000000 0.000000 0.000000 0.000000 0.000000 0.000000 0.000000 0.000000 0.000000 0.000000 0.000000 0.000000 0.000000 0.000000 0.000000 0.000000 0.000000 0.000000 0.000000 0.000000 0.000000 0.000000 0.000000 0.000000 0.000000 0.000000 0.000000 0.000000 0.000000 0.000000 0.000000 0.000000 0.000000 0.000000 0.000000 0.000000 0.000000 0.000000 0.000000 0.000000 0.000000 0.000000 0.000000 0.000000 0.000000 0.000000 0.000000 0.000000 0.000000 0.000000 0.000000 0.000000 0.000000 0.000000 0.000000 0.000000 0.000000 0.000000 0.000000 0.000000 0.000000 0.000000 0.000000 0.000000 0.000000 0.000000 0.000000 0.000000 0.000000 0.000000 0.000000 0.000000 0.000000 0.000000 0.000000 0.000000 0.000000 0.000000 0.000000 0.000000 0.000000 0.000000 0.000000 0.000000 0.000000 0.000000 0.000000 0.000000 0.000000 0.000000 0.000000 0.000000 0.000000 0.000000 0.000000 0.000000 0.000000 0.000000 0.000000 0.000000 0.000000 0.000000 0.000000 0.000000 0.000000 0.000000 0.000000 0.000000 0.000000 0.000000 0.000000 0.000000 0.000000 0.000000 0.000000 0.000000 0.000000 0.000000 0.000000 0.000000 0.000000 0.000000 0.000000 0.000000 0.000000 0.000000 0.000000 0.000000 0.000000 0.000000 0.000000 0.000000 0.000000 0.000000 0.000000 0.000000 0.000000 0.000000 0.000000 0.000000 0.000000 0.000000 0.000000 0.000000 0.000000 0.000000 0.000000 0.000000 0.000000 0.000000 0.000000 0.000000 0.000000 0.000000 0.000000 0.000000 0.000000 0.000000 0.000000 0.000000 0.000000 0.000000 0.000000 0.000000 0.000000 0.000000 0.000000 0.000000 0.000000 0.000000 0.000000 0.000000 0.000000 0.000000 0.000000 0.000000 0.000000 0.000000 0.000000 0.000000 0.000000 0.000000 0.000000 0.000000 0.000000 0.000000 0.000000 0.000000 0.000000 0.000000 0.000000 0.000000 0.000000 0.000000 0.000000 0.000000 0.000000 0.000000 0.000000 0.000000 0.000000 0.000000 0.000000 0.000000 0.000000 0.000000 0.000000 0.000000 0.000000 0.000000 0.000000 0.000000 0.000000 0.000000 0.000000 0.000000 0.000000 0.000000 0.000000 0.000000 0.000000 0.000000 0.000000 0.000000 0.000000 0.000000 0.000000 0.000000 0.000000 0.000000 0.000000 0.000000 0.000000 0.000000 0.000000 0.000000 0.000000 0.000000 0.000000 0.000000 0.000000 0.000000 0.000000 0.000000 0.000000 0.000000 0.000000 0.000000 0.000000 0.000000 0.000000 0.000000 0.000000 0.000000 0.000000 0.000000 0.000000 0.000000 0.000000 0.000000 0.000000 0.000000 0.000000 0.000000 0.000000 0.000000 0.000000 0.000000 0.000000 0.000000 0.000000 0.000000 0.000000 0.000000 0.000000 0.000000 0.000000 0.000000 0.000000 0.000000 0.000000 0.000000 0.000000 0.000000 0.000000 0.000000 0.000000 0.000000 0.000000 0.000000 0.000000 0.000000 0.000000 0.000000 0.000000 0.000000 0.000000 0.000000 0.000000 0.000000 0.000000 0.000000 0.000000 0.000000 0.000000 0.000000 0.000000 0.000000 0.000000 0.000000 0.000000 0.000000 0.000000 0.000000 0.000000 0.000000 0.000000 0.000000 0.000000 0.000000 0.000000 0.000000 0.000000 0.000000 0.000000 0.000000 0.000000 0.000000 0.000000 0.000000 0.000000 0.000000 0.000000 0.000000 0.000000 0.000000 0.000000 0.000000 0.000000 0.000000 0.000000 0.000000 0.000000 0.000000 0.000000 0.000000 0.000000 0.000000 0.000000 0.000000 0.000000 0.000000 0.000000 0.000000 0.000000 0.000000 0.000000 0.000000 0.000000 0.000000 0.000000 0.000000 0.000000 0.000000 0.000000 0.000000 0.000000 0.000000 0.000000 0.000000 0.000000 0.000000 0.000000 0.000000 0.000000 0.000000 0.000000 0.000000 0.000000 0.000000 0.000000 0.000000 0.000000 0.000000 0.000000 0.000000 0.000000 0.000000 0.000000 0.000000 0.000000 0.000000 0.000000 0.000000 0.000000 0.000000 0.000000 0.000000 0.000000 0.000000 0.000000 0.000000 0.000000 0.000000 0.000000 0.000000 0.000000 0.000000 0.000000 0.000000 0.000000 0.000000 0.000000 0.000000 0.000000 0.000000 0.000000 0.000000 0.000000 0.000000 0.000000 0.000000 0.000000 0.000000 0.000000 0.000000 0.000000 0.000000 0.000000 0.000000 0.000000 0.000000 0.000000 0.000000 0.000000 0.000000 0.000000 0.000000 0.000000 0.000000 0.000000 0.000000 0.000000 0.000000 0.000000 0.000000 0.000000 0.000000 0.000000 0.000000 0.000000 0.000000 0.000000 0.000000 0.000000 0.000000 0.000000 0.000000 0.000000 0.000000 0.000000 0.000000 0.000000 0.000000 0.000000 0.000000 0.000000 0.000000 0.000000 0.000000 0.000000 0.000000 0.000000 0.000000 0.000000 0.000000 0.000000 0.000000 0.000000 0.000000 0.000000 0.000000 0.000000 0.000000 0.000000 0.000000 0.000000 0.000000 0.000000 0.000000 0.000000 0.000000 0.000000 0.000000 0.000000 0.000000 0.000000 0.000000 0.000000 0.000000 0.000000 0.000000 0.000000 0.000000 0.000000 0.000000 0.000000 0.000000 0.000000 0.000000 0.000000 0.000000 0.000000 0.000000 0.000000 0.000000 0.000000 0.000000 0.000000 0.000000 0.000000 0.000000 0.000000 0.000000 0.000000 0.000000 0.000000 0.000000 0.000000 0.000000 0.000000 0.000000 0.000000 0.000000 0.000000 0.000000 0.000000 0.000000 0.000000 0.000000 0.000000 0.000000 0.000000 0.000000 0.000000 0.000000 0.000000 0.000000 0.000000 0.000000 0.000000 0.000000 0.000000 0.000000 0.000000 0.000000 0.000000 0.000000 0.000000 0.000000 0.000000 0.000000 0.000000 0.000000 0.000000 0.000000 0.000000 0.000000 0.000000 0.000000 0.000000 0.000000 0.000000 0.000000 0.000000 0.000000 0.000000 0.000000 0.000000 0.000000 0.000000 0.000000 0.000000 0.000000 0.000000 0.000000 0.000000 0.000000 0.000000 0.000000 0.000000 0.000000 0.000000 0.000000 0.000000 0.000000 0.000000 0.000000 0.000000 0.000000 0.000000 0.000000 0.000000 0.000000 0.000000 0.000000 0.000000 0.000000 0.000000 0.000000 0.000000 0.000000 0.000000 0.000000 0.000000 0.000000 0.000000 0.000000 0.000000 0.000000 0.000000 0.000000 0.000000 0.000000 0.000000 0.000000 0.000000 0.000000 0.000000 0.000000 0.000000 0.000000 0.000000 0.000000 0.000000 0.000000 0.000000 0.000000 0.000000 0.000000 0.000000 0.000000 0.000000 0.000000 0.000000 0.000000 0.000000 0.000000 0.000000 0.000000 0.000000 0.000000 0.000000 0.000000 0.000000 0.000000 0.000000 0.000000 0.000000 0.000000 0.000000 0.000000 0.000000 0.000000 0.000000 0.000000 0.000000 0.000000 0.000000 0.000000 0.000000 0.000000 0.000000 0.000000 0.000000 0.000000 0.000000 0.000000 0.000000 0.000000 0.000000 0.000000 0.000000 0.000000 0.000000 0.000000 0.000000 0.000000 0.000000 0.000000 0.000000 0.000000 0.000000 0.000000 0.000000 0.000000 0.000000 0.000000 0.000000 0.000000 0.000000 0.000000 0.000000 0.000000 0.000000 0.000000 0.000000 0.000000 0.000000 0.000000 0.000000 0.000000 0.000000 0.000000 0.000000 0.000000 0.000000 0.000000 0.000000 0.000000 0.000000 0.000000 0.000000 0.000000 0.000000 0.000000 0.000000 0.000000 0.000000 0.000000 0.000000 0.000000 0.000000 0.000000 0.000000 0.000000 0.000000 0.000000 0.000000 0.000000 0.000000 0.000000 0.000000 0.000000 0.000000 0.000000 0.000000 0.000000 0.000000 0.000000 0.000000 0.000000 0.000000 0.000000 0.000000 0.000000 0.000000 0.000000 0.000000 0.000000 0.000000 0.000000 0.000000 0.000000 0.000000 0.000000 0.000000 0.000000 0.000000 0.000000 0.000000 0.000000 0.000000 0.000000 0.000000 0.000000 0.000000 0.000000 0.000000 0.000000 0.000000 0.000000 0.000000 0.000000 0.000000 0.000000 0.000000 0.000000 0.000000 0.000000 0.000000 0.000000 0.000000 0.000000 0.000000 0.000000 0.000000 0.000000 0.000000 0.000000 0.000000 0.000000 0.000000 0.000000 0.000000 0.000000 0.000000 0.000000 0.000000 0.000000 0.000000 0.000000 0.000000 0.000000 0.000000 0.000000 0.000000 0.000000 0.000000 0.000000 0.000000 0.000000 0.000000 0.000000 0.000000 0.000000 0.000000 0.000000 0.000000 0.000000 0.000000 0.000000 0.000000 0.000000 0.000000 0.000000 0.000000 0.000000 0.000000 0.000000 0.000000 0.000000 0.000000 0.000000 0.000000 0.000000 0.000000 0.000000 0.000000 0.000000 0.000000 0.000000 0.000000 0.000000 0.000000 0.000000 0.000000 0.000000 0.000000 0.000000 0.000000 0.000000 0.000000 0.000000 0.000000 0.000000 0.000000 0.000000 0.000000 0.000000 0.000000 0.000000 0.000000 0.000000 0.000000 0.000000 0.000000 0.000000 0.000000 0.000000 0.000000 0.000000 0.000000 0.000000 0.000000 0.000000 0.000000 0.000000 0.000000 0.000000 0.000000 0.000000 0.000000 0.000000 0.000000 0.000000 0.000000 0.000000 0.000000 0.000000 0.000000 0.000000 0.000000 0.000000 0.000000 0.000000 0.000000 0.000000 0.000000 0.000000 0.000000 0.000000 0.000000 0.000000 0.000000 0.000000 0.000000 0.000000 0.000000 0.000000 0.000000 0.000000 0.000000 0.000000 0.000000 0.000000 0.000000 0.000000 0.000000 0.000000 0.000000 0.000000 0.000000 0.000000 0.000000 0.000000 0.000000 0.000000 0.000000 0.000000 0.000000 0.000000 0.000000 0.000000 0.000000 0.000000 0.000000 0.000000 0.000000 0.000000 0.000000 0.000000 0.000000 0.000000 0.000000 0.000000 0.000000 0.000000 0.000000 0.000000 0.000000 0.000000 0.000000 0.000000 0.000000 0.000000 0.000000 0.000000 0.000000 0.000000 0.000000 0.000000 0.000000 0.000000 0.000000 0.000000 0.000000 0.000000 0.000000 0.000000 0.000000 0.000000 0.000000 0.000000 0.000000 0.000000 0.000000 0.000000 0.000000 0.000000 0.000000 0.000000 0.000000 0.000000 0.000000 0.000000 0.000000 0.000000 0.000000 0.000000 0.000000 0.000000 0.000000 0.000000 0.000000 0.000000 0.000000 0.000000 0.000000 0.000000 0.000000 0.000000 0.000000 0.000000 0.000000 0.000000 0.000000 0.000000 0.000000 0.000000 0.000000 0.000000 0.000000 0.000000 0.000000 0.000000 0.000000 0.000000 0.000000 0.000000 0.000000 0.000000 0.000000 0.000000 0.000000 0.000000 0.000000 0.000000 0.000000 0.000000 0.000000 0.000000 0.000000 0.000000 0.000000 0.000000 0.000000 0.000000 0.000000 0.000000 0.000000 0.000000 0.000000 0.000000 0.000000 0.000000 0.000000 0.000000 0.000000 0.000000 0.000000 0.000000 0.000000 0.000000 0.000000 0.000000 0.000000 0.000000 0.000000 0.000000 0.000000 0.000000 0.000000 0.000000 0.000000 0.000000 0.000000 0.000000 0.000000 0.000000 0.000000 0.000000 0.000000 0.000000 0.000000 0.000000 0.000000 0.000000 0.000000 0.000000 0.000000 0.000000 0.000000 0.000000 0.000000 0.000000 0.000000 0.000000 0.000000 0.000000 0.000000 0.000000 0.000000 0.000000 0.000000 0.000000 0.000000 0.000000 0.000000 0.000000 0.000000 0.000000 0.000000 0.000000 0.000000 0.000000 0.000000 0.000000 0.000000 0.000000 0.000000 0.000000 0.000000 0.000000 0.000000 0.000000 0.000000 0.000000 0.000000 0.000000 0.000000 0.000000 0.000000 0.000000 0.000000 0.000000 0.000000 0.000000 0.000000 0.000000 0.000000 0.000000 0.000000 0.000000 0.000000 0.000000 0.000000 0.000000 0.000000 0.000000 0.000000 0.000000 0.000000 0.000000 0.000000 0.000000 0.000000 0.000000 0.000000 0.000000 0.000000 0.000000 0.000000 0.000000 0.000000 0.000000 0.000000 0.000000 0.000000 0.000000 0.000000 0.000000 0.000000 0.000000 0.000000 0.000000 0.000000 0.000000 0.000000 0.000000 0.000000 0.000000 0.000000 0.000000 0.000000 0.000000 0.000000 0.000000 0.000000 0.000000 0.000000 0.000000 0.000000 0.000000 0.000000 0.000000 0.000000 0.000000 0.000000 0.000000 0.000000 0.000000 0.000000 0.000000 0.000000 0.000000 0.000000 0.000000 0.000000 0.000000 0.000000 0.000000 0.000000 0.000000 0.000000 0.000000 0.000000 0.000000 0.000000 0.000000 0.000000 0.000000 0.000000 0.000000 0.000000 0.000000 0.000000 0.000000 0.000000 0.000000 0.000000 0.000000 0.000000 0.000000 0.000000 0.000000 0.000000 0.000000 0.000000 0.000000 0.000000 0.000000 0.000000 0.000000 0.000000 0.000000 0.000000 0.000000 0.000000 0.000000 0.000000 0.000000 0.000000 0.000000 0.000000 0.000000 0.000000 0.000000 0.000000 0.000000 0.000000 0.000000 0.000000 0.000000 0.000000 0.000000 0.000000 0.000000 0.000000 0.000000 0.000000 0.000000 0.000000 0.000000 0.000000 0.000000 0.000000 0.000000 0.000000 0.000000 0.000000 0.000000 0.000000 0.000000 0.000000 0.000000 0.000000 0.000000 0.000000 0.000000 0.000000 0.000000 0.000000 0.000000 0.000000 0.000000 0.000000 0.000000 0.000000 0.000000 0.000000 0.000000 0.000000 0.000000 0.000000 0.000000 0.000000 0.000000 0.000000 0.000000 0.000000 0.000000 0.000000 0.000000 0.000000 0.000000 0.000000 0.000000 0.000000 0.000000 0.000000 0.000000 0.000000 0.000000 0.000000 0.000000 0.000000 0.000000 0.000000 0.000000 0.000000 0.000000 0.000000 0.000000 0.000000 0.000000 0.000000 0.000000 0.000000 0.000000 0.000000 0.000000 0.000000 0.000000 0.000000 0.000000 0.000000 0.000000 0.000000 0.000000 0.000000 0.000000 0.000000 0.000000 0.000000 0.000000 0.000000 0.000000 0.000000 0.000000 0.000000 0.000000 0.000000 0.000000 0.000000 0.000000 0.000000 0.000000 0.000000 0.000000 0.000000 0.000000 0.000000 0.000000 0.000000 0.000000 0.000000 0.000000 0.000000 0.000000 0.000000 0.000000 0.000000 0.000000 0.000000 0.000000 0.000000 0.000000 0.000000 0.000000 0.000000 0.000000 0.000000 0.000000 0.000000 0.000000 0.000000 0.000000 0.000000 0.000000 0.000000 0.000000 0.000000 0.000000 0.000000 0.000000 0.000000 0.000000 0.000000 0.000000 0.000000 0.000000 0.000000 0.000000 0.000000 0.000000 0.000000 0.000000 0.000000 0.000000 0.000000 0.000000 0.000000 0.000000 0.000000 0.000000 0.000000 0.000000 0.000000 0.000000 0.000000 0.000000 0.000000 0.000000 0.000000 0.000000 0.000000 0.000000 0.000000 0.000000 0.000000 0.000000 0.000000 0.000000 0.000000 0.000000 0.000000 0.000000 0.000000 0.000000 0.000000 0.000000 0.000000 0.000000 0.000000 0.000000 0.000000 0.000000 0.000000 0.000000 0.000000 0.000000 0.000000 0.000000 0.000000 0.000000 0.000000 0.000000 0.000000 0.000000 0.000000 0.000000 0.000000 0.000000 0.000000 0.000000 0.000000 0.000000 0.000000 0.000000 0.000000 0.000000 0.000000 0.000000 0.000000 0.000000 0.000000 0.000000 0.000000 0.000000 0.000000 0.000000 0.000000 0.000000 0.000000 0.000000 0.000000 0.000000 0.000000 0.000000 0.000000 0.000000 0.000000 0.000000 0.000000 0.000000 0.000000 0.000000 0.000000 0.000000 0.000000 0.000000 0.000000 0.000000 0.000000 0.000000 0.000000 0.000000 0.000000 0.000000 0.000000 0.000000 0.000000 0.000000 0.000000 0.000000 0.000000 0.000000 0.000000 0.000000 0.000000 0.000000 0.000000 0.000000 0.000000 0.000000 0.000000 0.000000 0.000000 0.000000 0.000000 0.000000 0.000000 0.000000 0.000000 0.000000 0.000000 0.000000 0.000000 0.000000 0.000000 0.000000 0.000000 0.000000 0.000000 0.000000 0.000000 0.000000 0.000000 0.000000 0.000000 0.000000 0.000000 0.000000 0.000000 0.000000 0.000000 0.000000 0.000000 0.000000 0.000000 0.000000 0.000000 0.000000 0.000000 0.000000 0.000000 0.000000 0.000000 0.000000 0.000000 0.000000 0.000000 0.000000 0.000000 0.000000 0.000000 0.000000 0.000000 0.000000 0.000000 0.000000 0.000000 0.000000 0.000000 0.000000 
1 1 1 1 1 1 1 1 1 1 1 1 1 1 1 1 1 1 1 1 1 1 1 1 1 1 1 1 1 1 1 1 1 -2147483648 -2147483648 -2147483648 -2147483648 -2147483648 -2147483648 -2147483648 -2147483648 -2147483648 -2147483648 -2147483648 -2147483648 -2147483648 -2147483648 -2147483648 -2147483648 -2147483648 -2147483648 -2147483648 -2147483648 -2147483648 -2147483648 -2147483648 -2147483648 -2147483648 -2147483648 -2147483648 -2147483648 -2147483648 -2147483648 -2147483648 -2147483648 -2147483648 -2147483648 -2147483648 -2147483648 -2147483648 -2147483648 -2147483648 -2147483648 -2147483648 -2147483648 -2147483648 -2147483648 -2147483648 -2147483648 -2147483648 -2147483648 -2147483648 -2147483648 1 -2147483648 -2147483648 -2147483648 -2147483648 -2147483648 -2147483648 -2147483648 -2147483648 -2147483648 -2147483648 -2147483648 -2147483648 -2147483648 -2147483648 -2147483648 -2147483648 -2147483648 -2147483648 -2147483648 -2147483648 -2147483648 -2147483648 -2147483648 -2147483648 -2147483648 -2147483648 -2147483648 -2147483648 -2147483648 -2147483648 -2147483648 -2147483648 -2147483648 -2147483648 -2147483648 -2147483648 -2147483648 -2147483648 -2147483648 -2147483648 -2147483648 -2147483648 -2147483648 -2147483648 -2147483648 -2147483648 -2147483648 -2147483648 -2147483648 -2147483648 1 -2147483648 -2147483648 -2147483648 -2147483648 -2147483648 -2147483648 -2147483648 -2147483648 -2147483648 -2147483648 -2147483648 -2147483648 -2147483648 -2147483648 -2147483648 -2147483648 -2147483648 -2147483648 -2147483648 -2147483648 -2147483648 -2147483648 -2147483648 -2147483648 -2147483648 -2147483648 -2147483648 -2147483648 -2147483648 -2147483648 -2147483648 -2147483648 -2147483648 -2147483648 -2147483648 -2147483648 -2147483648 -2147483648 -2147483648 -2147483648 -2147483648 -2147483648 -2147483648 -2147483648 -2147483648 -2147483648 -2147483648 -2147483648 -2147483648 -2147483648 1 -2147483648 -2147483648 -2147483648 -2147483648 -2147483648 -2147483648 -2147483648 -2147483648 -2147483648 -2147483648 -2147483648 -2147483648 -2147483648 -2147483648 -2147483648 -2147483648 -2147483648 -2147483648 -2147483648 -2147483648 -2147483648 -2147483648 -2147483648 -2147483648 -2147483648 -2147483648 -2147483648 -2147483648 -2147483648 -2147483648 -2147483648 -2147483648 -2147483648 -2147483648 -2147483648 -2147483648 -2147483648 -2147483648 -2147483648 -2147483648 -2147483648 -2147483648 -2147483648 -2147483648 -2147483648 -2147483648 -2147483648 -2147483648 -2147483648 -2147483648 1 -2147483648 -2147483648 -2147483648 -2147483648 -2147483648 -2147483648 -2147483648 -2147483648 -2147483648 -2147483648 -2147483648 -2147483648 -2147483648 -2147483648 -2147483648 -2147483648 -2147483648 -2147483648 -2147483648 -2147483648 -2147483648 -2147483648 -2147483648 -2147483648 -2147483648 -2147483648 -2147483648 -2147483648 -2147483648 -2147483648 -2147483648 -2147483648 -2147483648 -2147483648 -2147483648 -2147483648 -2147483648 -2147483648 -2147483648 -2147483648 -2147483648 -2147483648 -2147483648 -2147483648 -2147483648 -2147483648 -2147483648 -2147483648 -2147483648 -2147483648 1 -2147483648 -2147483648 -2147483648 -2147483648 -2147483648 -2147483648 -2147483648 -2147483648 -2147483648 -2147483648 -2147483648 -2147483648 -2147483648 -2147483648 -2147483648 -2147483648 -2147483648 -2147483648 -2147483648 -2147483648 -2147483648 -2147483648 -2147483648 -2147483648 -2147483648 -2147483648 -2147483648 -2147483648 -2147483648 -2147483648 -2147483648 -2147483648 -2147483648 -2147483648 -2147483648 -2147483648 -2147483648 -2147483648 -2147483648 -2147483648 -2147483648 -2147483648 -2147483648 -2147483648 -2147483648 -2147483648 -2147483648 -2147483648 -2147483648 -2147483648 1 -2147483648 -2147483648 -2147483648 -2147483648 -2147483648 -2147483648 -2147483648 -2147483648 -2147483648 -2147483648 -2147483648 -2147483648 -2147483648 -2147483648 -2147483648 -2147483648 -2147483648 -2147483648 -2147483648 -2147483648 -2147483648 -2147483648 -2147483648 -2147483648 -2147483648 -2147483648 -2147483648 -2147483648 -2147483648 -2147483648 -2147483648 -2147483648 -2147483648 -2147483648 -2147483648 -2147483648 -2147483648 -2147483648 -2147483648 -2147483648 -2147483648 -2147483648 -2147483648 -2147483648 -2147483648 -2147483648 -2147483648 -2147483648 -2147483648 -2147483648 1 -2147483648 -2147483648 -2147483648 -2147483648 -2147483648 -2147483648 -2147483648 -2147483648 -2147483648 -2147483648 -2147483648 -2147483648 -2147483648 -2147483648 -2147483648 -2147483648 -2147483648 -2147483648 -2147483648 -2147483648 -2147483648 -2147483648 -2147483648 -2147483648 -2147483648 -2147483648 -2147483648 -2147483648 -2147483648 -2147483648 -2147483648 -2147483648 -2147483648 -2147483648 -2147483648 -2147483648 -2147483648 -2147483648 -2147483648 -2147483648 -2147483648 -2147483648 -2147483648 -2147483648 -2147483648 -2147483648 -2147483648 -2147483648 -2147483648 -2147483648 1 -2147483648 -2147483648 -2147483648 -2147483648 -2147483648 -2147483648 -2147483648 -2147483648 -2147483648 -2147483648 -2147483648 -2147483648 -2147483648 -2147483648 -2147483648 -2147483648 -2147483648 -2147483648 -2147483648 -2147483648 -2147483648 -2147483648 -2147483648 -2147483648 -2147483648 -2147483648 -2147483648 -2147483648 -2147483648 -2147483648 -2147483648 -2147483648 -2147483648 -2147483648 -2147483648 -2147483648 -2147483648 -2147483648 -2147483648 -2147483648 -2147483648 -2147483648 -2147483648 -2147483648 -2147483648 -2147483648 -2147483648 -2147483648 -2147483648 -2147483648 1 -2147483648 -2147483648 -2147483648 -2147483648 -2147483648 -2147483648 -2147483648 -2147483648 -2147483648 -2147483648 -2147483648 -2147483648 -2147483648 -2147483648 -2147483648 -2147483648 -2147483648 -2147483648 -2147483648 -2147483648 -2147483648 -2147483648 -2147483648 -2147483648 -2147483648 -2147483648 -2147483648 -2147483648 -2147483648 -2147483648 -2147483648 -2147483648 -2147483648 -2147483648 -2147483648 -2147483648 -2147483648 -2147483648 -2147483648 -2147483648 -2147483648 -2147483648 -2147483648 -2147483648 -2147483648 -2147483648 -2147483648 -2147483648 -2147483648 -2147483648 1 -2147483648 -2147483648 -2147483648 -2147483648 -2147483648 -2147483648 -2147483648 -2147483648 -2147483648 -2147483648 -2147483648 -2147483648 -2147483648 -2147483648 -2147483648 -2147483648 -2147483648 -2147483648 -2147483648 -2147483648 -2147483648 -2147483648 -2147483648 -2147483648 -2147483648 -2147483648 -2147483648 -2147483648 -2147483648 -2147483648 -2147483648 -2147483648 -2147483648 -2147483648 -2147483648 -2147483648 -2147483648 -2147483648 -2147483648 -2147483648 -2147483648 -2147483648 -2147483648 -2147483648 -2147483648 -2147483648 -2147483648 -2147483648 -2147483648 -2147483648 1 -2147483648 -2147483648 -2147483648 -2147483648 -2147483648 -2147483648 -2147483648 -2147483648 -2147483648 -2147483648 -2147483648 -2147483648 -2147483648 -2147483648 -2147483648 -2147483648 -2147483648 -2147483648 -2147483648 -2147483648 -2147483648 -2147483648 -2147483648 -2147483648 -2147483648 -2147483648 -2147483648 -2147483648 -2147483648 -2147483648 -2147483648 -2147483648 -2147483648 -2147483648 -2147483648 -2147483648 -2147483648 -2147483648 -2147483648 -2147483648 -2147483648 -2147483648 -2147483648 -2147483648 -2147483648 -2147483648 -2147483648 -2147483648 -2147483648 -2147483648 1 -2147483648 -2147483648 -2147483648 -2147483648 -2147483648 -2147483648 -2147483648 -2147483648 -2147483648 -2147483648 -2147483648 -2147483648 -2147483648 -2147483648 -2147483648 -2147483648 -2147483648 -2147483648 -2147483648 -2147483648 -2147483648 -2147483648 -2147483648 -2147483648 -2147483648 -2147483648 -2147483648 -2147483648 -2147483648 -2147483648 -2147483648 -2147483648 -2147483648 -2147483648 -2147483648 -2147483648 -2147483648 -2147483648 -2147483648 -2147483648 -2147483648 -2147483648 -2147483648 -2147483648 -2147483648 -2147483648 -2147483648 -2147483648 -2147483648 -2147483648 1 -2147483648 -2147483648 -2147483648 -2147483648 -2147483648 -2147483648 -2147483648 -2147483648 -2147483648 -2147483648 -2147483648 -2147483648 -2147483648 -2147483648 -2147483648 -2147483648 -2147483648 -2147483648 -2147483648 -2147483648 -2147483648 -2147483648 -2147483648 -2147483648 -2147483648 -2147483648 -2147483648 -2147483648 -2147483648 -2147483648 -2147483648 -2147483648 -2147483648 -2147483648 -2147483648 -2147483648 -2147483648 -2147483648 -2147483648 -2147483648 -2147483648 -2147483648 -2147483648 -2147483648 -2147483648 -2147483648 -2147483648 -2147483648 -2147483648 -2147483648 1 -2147483648 -2147483648 -2147483648 -2147483648 -2147483648 -2147483648 -2147483648 -2147483648 -2147483648 -2147483648 -2147483648 -2147483648 -2147483648 -2147483648 -2147483648 -2147483648 -2147483648 -2147483648 -2147483648 -2147483648 -2147483648 -2147483648 -2147483648 -2147483648 -2147483648 -2147483648 -2147483648 -2147483648 -2147483648 -2147483648 -2147483648 -2147483648 -2147483648 -2147483648 -2147483648 -2147483648 -2147483648 -2147483648 -2147483648 -2147483648 -2147483648 -2147483648 -2147483648 -2147483648 -2147483648 -2147483648 -2147483648 -2147483648 -2147483648 -2147483648 1 -2147483648 -2147483648 -2147483648 -2147483648 -2147483648 -2147483648 -2147483648 -2147483648 -2147483648 -2147483648 -2147483648 -2147483648 -2147483648 -2147483648 -2147483648 -2147483648 -2147483648 -2147483648 -2147483648 -2147483648 -2147483648 -2147483648 -2147483648 -2147483648 -2147483648 -2147483648 -2147483648 -2147483648 -2147483648 -2147483648 -2147483648 -2147483648 -2147483648 -2147483648 -2147483648 -2147483648 -2147483648 -2147483648 -2147483648 -2147483648 -2147483648 -2147483648 -2147483648 -2147483648 -2147483648 -2147483648 -2147483648 -2147483648 -2147483648 -2147483648 1 -2147483648 -2147483648 -2147483648 -2147483648 -2147483648 -2147483648 -2147483648 -2147483648 -2147483648 -2147483648 -2147483648 -2147483648 -2147483648 -2147483648 -2147483648 -2147483648 -2147483648 -2147483648 -2147483648 -2147483648 -2147483648 -2147483648 -2147483648 -2147483648 -2147483648 -2147483648 -2147483648 -2147483648 -2147483648 -2147483648 -2147483648 -2147483648 -2147483648 -2147483648 -2147483648 -2147483648 -2147483648 -2147483648 -2147483648 -2147483648 -2147483648 -2147483648 -2147483648 -2147483648 -2147483648 -2147483648 -2147483648 -2147483648 -2147483648 -2147483648 1 -2147483648 -2147483648 -2147483648 -2147483648 -2147483648 -2147483648 -2147483648 -2147483648 -2147483648 -2147483648 -2147483648 -2147483648 -2147483648 -2147483648 -2147483648 -2147483648 -2147483648 -2147483648 -2147483648 -2147483648 -2147483648 -2147483648 -2147483648 -2147483648 -2147483648 -2147483648 -2147483648 -2147483648 -2147483648 -2147483648 -2147483648 -2147483648 -2147483648 -2147483648 -2147483648 -2147483648 -2147483648 -2147483648 -2147483648 -2147483648 -2147483648 -2147483648 -2147483648 -2147483648 -2147483648 -2147483648 -2147483648 -2147483648 -2147483648 -2147483648 1 -2147483648 -2147483648 -2147483648 -2147483648 -2147483648 -2147483648 -2147483648 -2147483648 -2147483648 -2147483648 -2147483648 -2147483648 -2147483648 -2147483648 -2147483648 -2147483648 -2147483648 -2147483648 -2147483648 -2147483648 -2147483648 -2147483648 -2147483648 -2147483648 -2147483648 -2147483648 -2147483648 -2147483648 -2147483648 -2147483648 -2147483648 -2147483648 -2147483648 -2147483648 -2147483648 -2147483648 -2147483648 -2147483648 -2147483648 -2147483648 -2147483648 -2147483648 -2147483648 -2147483648 -2147483648 -2147483648 -2147483648 -2147483648 -2147483648 -2147483648 1 -2147483648 -2147483648 -2147483648 -2147483648 -2147483648 -2147483648 -2147483648 -2147483648 -2147483648 -2147483648 -2147483648 -2147483648 -2147483648 -2147483648 -2147483648 -2147483648 -2147483648 -2147483648 -2147483648 -2147483648 -2147483648 -2147483648 -2147483648 -2147483648 -2147483648 -2147483648 -2147483648 -2147483648 -2147483648 -2147483648 -2147483648 -2147483648 -2147483648 -2147483648 -2147483648 -2147483648 -2147483648 -2147483648 -2147483648 -2147483648 -2147483648 -2147483648 -2147483648 -2147483648 -2147483648 -2147483648 -2147483648 -2147483648 -2147483648 -2147483648 1 -2147483648 -2147483648 -2147483648 -2147483648 -2147483648 -2147483648 -2147483648 -2147483648 -2147483648 -2147483648 -2147483648 -2147483648 -2147483648 -2147483648 -2147483648 -2147483648 -2147483648 -2147483648 -2147483648 -2147483648 -2147483648 -2147483648 -2147483648 -2147483648 -2147483648 -2147483648 -2147483648 -2147483648 -2147483648 -2147483648 -2147483648 -2147483648 -2147483648 -2147483648 -2147483648 -2147483648 -2147483648 -2147483648 -2147483648 -2147483648 -2147483648 -2147483648 -2147483648 -2147483648 -2147483648 -2147483648 -2147483648 -2147483648 -2147483648 -2147483648 1 -2147483648 -2147483648 -2147483648 -2147483648 -2147483648 -2147483648 -2147483648 -2147483648 -2147483648 -2147483648 -2147483648 -2147483648 -2147483648 -2147483648 -2147483648 -2147483648 -2147483648 -2147483648 -2147483648 -2147483648 -2147483648 -2147483648 -2147483648 -2147483648 -2147483648 -2147483648 -2147483648 -2147483648 -2147483648 -2147483648 -2147483648 -2147483648 -2147483648 -2147483648 -2147483648 -2147483648 -2147483648 -2147483648 -2147483648 -2147483648 -2147483648 -2147483648 -2147483648 -2147483648 -2147483648 -2147483648 -2147483648 -2147483648 -2147483648 -2147483648 1 -2147483648 -2147483648 -2147483648 -2147483648 -2147483648 -2147483648 -2147483648 -2147483648 -2147483648 -2147483648 -2147483648 -2147483648 -2147483648 -2147483648 -2147483648 -2147483648 -2147483648 -2147483648 -2147483648 -2147483648 -2147483648 -2147483648 -2147483648 -2147483648 -2147483648 -2147483648 -2147483648 -2147483648 -2147483648 -2147483648 -2147483648 -2147483648 -2147483648 -2147483648 -2147483648 -2147483648 -2147483648 -2147483648 -2147483648 -2147483648 -2147483648 -2147483648 -2147483648 -2147483648 -2147483648 -2147483648 -2147483648 -2147483648 -2147483648 -2147483648 1 -2147483648 -2147483648 -2147483648 -2147483648 -2147483648 -2147483648 -2147483648 -2147483648 -2147483648 -2147483648 -2147483648 -2147483648 -2147483648 -2147483648 -2147483648 -2147483648 -2147483648 -2147483648 -2147483648 -2147483648 -2147483648 -2147483648 -2147483648 -2147483648 -2147483648 -2147483648 -2147483648 -2147483648 -2147483648 -2147483648 -2147483648 -2147483648 -2147483648 -2147483648 -2147483648 -2147483648 -2147483648 -2147483648 -2147483648 -2147483648 -2147483648 -2147483648 -2147483648 -2147483648 -2147483648 -2147483648 -2147483648 -2147483648 -2147483648 -2147483648 1 -2147483648 -2147483648 -2147483648 -2147483648 -2147483648 -2147483648 -2147483648 -2147483648 -2147483648 -2147483648 -2147483648 -2147483648 -2147483648 -2147483648 -2147483648 -2147483648 -2147483648 -2147483648 -2147483648 -2147483648 -2147483648 -2147483648 -2147483648 -2147483648 -2147483648 -2147483648 -2147483648 -2147483648 -2147483648 -2147483648 -2147483648 -2147483648 -2147483648 -2147483648 -2147483648 -2147483648 -2147483648 -2147483648 -2147483648 -2147483648 -2147483648 -2147483648 -2147483648 -2147483648 -2147483648 -2147483648 -2147483648 -2147483648 -2147483648 -2147483648 1 -2147483648 -2147483648 -2147483648 -2147483648 -2147483648 -2147483648 -2147483648 -2147483648 -2147483648 -2147483648 -2147483648 -2147483648 -2147483648 -2147483648 -2147483648 -2147483648 -2147483648 -2147483648 -2147483648 -2147483648 -2147483648 -2147483648 -2147483648 -2147483648 -2147483648 -2147483648 -2147483648 -2147483648 -2147483648 -2147483648 -2147483648 -2147483648 -2147483648 -2147483648 -2147483648 -2147483648 -2147483648 -2147483648 -2147483648 -2147483648 -2147483648 -2147483648 -2147483648 -2147483648 -2147483648 -2147483648 -2147483648 -2147483648 -2147483648 -2147483648 1 -2147483648 -2147483648 -2147483648 -2147483648 -2147483648 -2147483648 -2147483648 -2147483648 -2147483648 -2147483648 -2147483648 -2147483648 -2147483648 -2147483648 -2147483648 -2147483648 -2147483648 -2147483648 -2147483648 -2147483648 -2147483648 -2147483648 -2147483648 -2147483648 -2147483648 -2147483648 -2147483648 -2147483648 -2147483648 -2147483648 -2147483648 -2147483648 -2147483648 -2147483648 -2147483648 -2147483648 -2147483648 -2147483648 -2147483648 -2147483648 -2147483648 -2147483648 -2147483648 -2147483648 -2147483648 -2147483648 -2147483648 -2147483648 -2147483648 -2147483648 1 -2147483648 -2147483648 -2147483648 -2147483648 -2147483648 -2147483648 -2147483648 -2147483648 -2147483648 -2147483648 -2147483648 -2147483648 -2147483648 -2147483648 -2147483648 -2147483648 -2147483648 -2147483648 -2147483648 -2147483648 -2147483648 -2147483648 -2147483648 -2147483648 -2147483648 -2147483648 -2147483648 -2147483648 -2147483648 -2147483648 -2147483648 -2147483648 -2147483648 -2147483648 -2147483648 -2147483648 -2147483648 -2147483648 -2147483648 -2147483648 -2147483648 -2147483648 -2147483648 -2147483648 -2147483648 -2147483648 -2147483648 -2147483648 -2147483648 -2147483648 1 -2147483648 -2147483648 -2147483648 -2147483648 -2147483648 -2147483648 -2147483648 -2147483648 -2147483648 -2147483648 -2147483648 -2147483648 -2147483648 -2147483648 -2147483648 -2147483648 -2147483648 -2147483648 -2147483648 -2147483648 -2147483648 -2147483648 -2147483648 -2147483648 -2147483648 -2147483648 -2147483648 -2147483648 -2147483648 -2147483648 -2147483648 -2147483648 -2147483648 -2147483648 -2147483648 -2147483648 -2147483648 -2147483648 -2147483648 -2147483648 -2147483648 -2147483648 -2147483648 -2147483648 -2147483648 -2147483648 -2147483648 -2147483648 -2147483648 -2147483648 1 -2147483648 -2147483648 -2147483648 -2147483648 -2147483648 -2147483648 -2147483648 -2147483648 -2147483648 -2147483648 -2147483648 -2147483648 -2147483648 -2147483648 -2147483648 -2147483648 -2147483648 -2147483648 -2147483648 -2147483648 -2147483648 -2147483648 -2147483648 -2147483648 -2147483648 -2147483648 -2147483648 -2147483648 -2147483648 -2147483648 -2147483648 -2147483648 -2147483648 -2147483648 -2147483648 -2147483648 -2147483648 -2147483648 -2147483648 -2147483648 -2147483648 -2147483648 -2147483648 -2147483648 -2147483648 -2147483648 -2147483648 -2147483648 -2147483648 -2147483648 1 -2147483648 -2147483648 -2147483648 -2147483648 -2147483648 -2147483648 -2147483648 -2147483648 -2147483648 -2147483648 -2147483648 -2147483648 -2147483648 -2147483648 -2147483648 -2147483648 -2147483648 -2147483648 -2147483648 -2147483648 -2147483648 -2147483648 -2147483648 -2147483648 -2147483648 -2147483648 -2147483648 -2147483648 -2147483648 -2147483648 -2147483648 -2147483648 -2147483648 -2147483648 -2147483648 -2147483648 -2147483648 -2147483648 -2147483648 -2147483648 -2147483648 -2147483648 -2147483648 -2147483648 -2147483648 -2147483648 -2147483648 -2147483648 -2147483648 -2147483648 1 -2147483648 -2147483648 -2147483648 -2147483648 -2147483648 -2147483648 -2147483648 -2147483648 -2147483648 -2147483648 -2147483648 -2147483648 -2147483648 -2147483648 -2147483648 -2147483648 -2147483648 -2147483648 -2147483648 -2147483648 -2147483648 -2147483648 -2147483648 -2147483648 -2147483648 -2147483648 -2147483648 -2147483648 -2147483648 -2147483648 -2147483648 -2147483648 -2147483648 -2147483648 -2147483648 -2147483648 -2147483648 -2147483648 -2147483648 -2147483648 -2147483648 -2147483648 -2147483648 -2147483648 -2147483648 -2147483648 -2147483648 -2147483648 -2147483648 -2147483648 1 -2147483648 -2147483648 -2147483648 -2147483648 -2147483648 -2147483648 -2147483648 -2147483648 -2147483648 -2147483648 -2147483648 -2147483648 -2147483648 -2147483648 -2147483648 -2147483648 -2147483648 -2147483648 -2147483648 -2147483648 -2147483648 -2147483648 -2147483648 -2147483648 -2147483648 -2147483648 -2147483648 -2147483648 -2147483648 -2147483648 -2147483648 -2147483648 -2147483648 -2147483648 -2147483648 -2147483648 -2147483648 -2147483648 -2147483648 -2147483648 -2147483648 -2147483648 -2147483648 -2147483648 -2147483648 -2147483648 -2147483648 -2147483648 -2147483648 -2147483648 1 -2147483648 -2147483648 -2147483648 -2147483648 -2147483648 -2147483648 -2147483648 -2147483648 -2147483648 -2147483648 -2147483648 -2147483648 -2147483648 -2147483648 -2147483648 -2147483648 -2147483648 -2147483648 -2147483648 -2147483648 -2147483648 -2147483648 -2147483648 -2147483648 -2147483648 -2147483648 -2147483648 -2147483648 -2147483648 -2147483648 -2147483648 -2147483648 -2147483648 -2147483648 -2147483648 -2147483648 -2147483648 -2147483648 -2147483648 -2147483648 -2147483648 -2147483648 -2147483648 -2147483648 -2147483648 -2147483648 -2147483648 -2147483648 -2147483648 -2147483648 1 -2147483648 -2147483648 -2147483648 -2147483648 -2147483648 -2147483648 -2147483648 -2147483648 -2147483648 -2147483648 -2147483648 -2147483648 -2147483648 -2147483648 -2147483648 -2147483648 -2147483648 -2147483648 -2147483648 -2147483648 -2147483648 -2147483648 -2147483648 -2147483648 -2147483648 -2147483648 -2147483648 -2147483648 -2147483648 -2147483648 -2147483648 -2147483648 -2147483648 -2147483648 -2147483648 -2147483648 -2147483648 -2147483648 -2147483648 -2147483648 -2147483648 -2147483648 -2147483648 -2147483648 -2147483648 -2147483648 -2147483648 -2147483648 -2147483648 -2147483648 1 0 0 0 0 0 0 0 0 0 0 0 0 0 0 0 0 0 0 0 0 0 0 0 0 0 0 0 0 0 0 0 0 0 0 0 0 0 0 0 0 0 0 0 0 0 0 0 0 0 0 0 0 0 0 0 0 0 0 0 0 0 0 0 0 0 0 0 0 0 0 0 0 0 0 0 0 0 0 0 0 0 0 0 0 0 0 0 0 0 0 0 0 0 0 0 0 0 0 0 0 0 0 0 0 0 0 0 0 0 0 0 0 0 0 0 0 0 0 0 0 0 0 0 0 0 0 0 0 0 0 0 0 0 0 0 0 0 0 0 0 0 0 0 0 0 0 0 0 0 0 0 0 0 0 0 0 0 0 0 0 0 0 0 0 0 0 0 0 0 0 0 0 0 0 0 0 0 0 0 0 0 0 0 0 0 0 0 0 0 0 0 0 0 0 0 0 0 0 0 0 0 0 0 0 0 0 0 0 0 0 0 0 0 0 0 0 0 0 0 0 0 0 0 0 0 0 0 0 0 0 0 0 0 0 0 0 0 0 0 0 0 0 0 0 0 0 0 0 0 0 0 0 0 0 0 0 0 0 0 0 0 0 0 0 0 0 0 0 0 0 0 0 0 0 0 0 0 0 0 0 0 0 0 0 0 0 0 0 0 0 0 0 0 0 0 0 0 0 0 0 0 0 0 0 0 0 0 0 0 0 0 0 0 0 0 0 0 0 0 0 0 0 0 0 0 0 0 0 0 0 0 0 0 0 0 0 0 0 0 0 0 0 0 0 0 0 0 0 0 0 0 0 0 0 0 0 0 0 0 0 0 0 0 0 0 0 0 0 0 0 0 0 0 0 0 0 0 0 0 0 0 0 0 0 0 0 0 0 0 0 0 0 0 0 0 0 0 0 0 0 0 0 0 0 0 0 0 0 0 0 0 0 0 0 0 0 0 0 0 0 0 0 0 0 0 0 0 0 0 0 0 0 0 0 0 0 0 0 0 0 0 0 0 0 0 0 0 0 0 0 0 0 0 0 0 0 0 0 0 0 0 0 0 0 0 0 0 0 0 0 0 0 0 0 0 0 0 0 0 0 0 0 0 0 0 0 0 0 0 0 0 0 0 0 0 0 0 0 0 0 0 0 0 0 0 0 0 0 0 0 0 0 0 0 0 0 0 0 0 0 0 0 0 0 0 0 0 0 0 0 0 0 0 0 0 0 0 0 0 0 0 0 0 0 0 0 0 0 0 0 0 0 0 0 0 0 0 0 0 0 0 0 0 0 0 0 0 0 0 0 0 0 0 0 0 0 0 0 0 0 0 0 0 0 0 0 0 0 0 0 0 0 0 0 0 0 0 0 0 0 0 0 0 0 0 0 0 0 0 0 0 0 0 0 0 0 0 0 0 0 0 0 0 0 0 0 0 0 0 0 0 0 0 0 0 0 0 0 0 0 0 0 0 0 0 0 0 0 0 0 0 0 0 0 0 0 0 0 0 0 0 0 0 0 0 0 0 0 0 0 0 0 0 0 0 0 0 0 0 0 0 0 0 0 0 0 0 0 0 0 0 0 0 0 0 0 0 0 0 0 0 0 0 0 0 0 0 0 0 0 0 0 0 0 0 0 0 0 0 0 0 0 0 0 0 0 0 0 0 0 0 0 0 0 0 0 0 0 0 0 0 0 0 0 0 0 0 0 0 0 0 0 0 0 0 0 0 0 0 0 0 0 0 0 0 0 0 0 0 0 0 0 0 0 0 0 0 0 0 0 0 0 0 0 0 0 0 0 0 0 0 0 0 0 0 0 0 0 0 0 0 0 0 0 0 0 0 0 0 0 0 0 0 0 0 0 0 0 0 0 0 0 0 0 0 0 0 0 0 0 0 0 0 0 0 0 0 0 0 0 0 0 0 0 0 0 0 0 0 0 0 0 0 0 0 0 0 0 0 0 0 0 0 0 0 0 0 0 0 0 0 0 0 0 0 0 0 0 0 0 0 0 0 0 0 0 0 0 0 0 0 0 0 0 0 0 0 0 0 0 0 0 0 0 0 0 0 0 0 0 0 0 0 0 0 0 0 0 0 0 0 0 0 0 0 0 0 0 0 0 0 0 0 0 0 0 0 0 0 0 0 0 0 0 0 0 0 0 0 0 0 0 0 0 0 0 0 0 0 0 0 0 0 0 0 0 0 0 0 0 0 0 0 0 0 0 0 0 0 0 0 0 0 0 0 0 0 0 0 0 0 0 0 0 0 0 0 0 0 0 0 0 0 0 0 0 0 0 0 0 0 0 0 0 0 0 0 0 0 0 0 0 0 0 0 0 0 0 0 0 0 0 0 0 0 0 0 0 0 0 0 0 0 0 0 0 0 0 0 0 0 0 0 0 0 0 0 0 0 0 0 0 0 0 0 0 0 0 0 0 0 0 0 0 0 0 0 0 0 0 0 0 0 0 0 0 0 0 0 0 0 0 0 0 0 0 0 0 0 0 0 0 0 0 0 0 0 0 0 0 0 0 0 0 0 0 0 0 0 0 0 0 0 0 0 0 0 0 0 0 0 0 0 0 0 0 0 0 0 0 0 0 0 0 0 0 0 0 0 0 0 0 0 0 0 0 0 0 0 0 0 0 0 0 0 0 0 0 0 0 0 0 0 0 0 0 0 0 0 0 0 0 0 0 0 0 0 0 0 0 0 0 0 0 0 0 0 0 0 0 0 0 0 0 0 0 0 0 0 0 0 0 0 0 0 0 0 0 0 0 0 0 0 0 0 0 0 0 0 0 0 0 0 0 0 0 0 0 0 0 0 0 0 0 0 0 0 0 0 0 0 0 0 0 0 0 0 0 0 0 0 0 0 0 0 0 0 0 0 0 0 0 0 0 0 0 0 0 0 0 0 0 0 0 0 0 0 0 0 0 0 0 0 0 0 0 0 0 0 0 0 0 0 0 0 0 0 0 0 0 0 0 0 0 0 0 0 0 0 0 0 0 0 0 0 0 0 0 0 0 0 0 0 0 0 0 0 0 0 0 0 0 0 0 0 0 0 0 0 0 0 0 0 0 0 0 0 0 0 0 0 0 0 0 0 0 0 0 0 0 0 0 0 0 0 0 0 0 0 0 0 0 0 0 0 0 0 0 0 0 0 0 0 0 0 0 0 0 0 0 0 0 0 0 0 0 0 0 0 0 0 0 0 0 0 0 0 0 0 0 0 0 0 0 0 0 0 0 0 0 0 0 0 0 0 0 0 0 0 0 0 0 0 0 0 0 0 0 0 0 0 0 0 0 0 0 0 0 0 0 0 0 0 0 0 0 0 0 0 0 0 0 0 0 0 0 0 0 0 0 0 0 0 0 0 0 0 0 0 0 0 0 0 0 0 0 0 0 0 0 0 0 0 0 0 0 0 0 0 0 0 0 0 0 0 0 0 0 0 0 0 0 0 0 0 0 0 0 0 0 0 0 0 0 0 0 0 0 0 0 0 0 0 0 0 0 0 0 0 0 0 0 0 0 0 0 0 0 0 0 0 0 0 0 0 0 0 0 0 0 0 0 0 0 0 0 0 0 0 0 0 0 0 0 0 0 0 0 0 0 0 0 0 0 0 0 0 0 0 0 0 0 0 0 0 0 0 0 0 0 0 0 0 0 0 0 0 0 0 0 0 0 0 0 0 0 0 0 0 0 0 0 0 0 0 0 0 0 0 0 0 0 0 0 0 0 0 0 0 0 0 0 0 0 0 0 0 0 0 0 0 0 0 0 0 0 0 0 0 0 0 0 0 0 0 0 0 0 0 0 0 0 0 0 0 0 0 0 0 0 0 0 0 0 0 0 0 0 0 0 0 0 0 0 0 0 0 0 0 0 0 0 0 0 0 0 0 0 0 0 0 0 0 0 0 0 0 0 0 0 0 0 0 0 0 0 0 0 0 0 0 0 0 0 0 0 0 0 0 0 0 0 0 0 0 0 0 0 0 0 0 0 0 0 0 0 0 0 0 0 0 0 0 0 0 0 0 0 0 0 0 0 0 0 0 0 0 0 0 0 0 0 0 0 0 0 0 0 0 0 0 0 0 0 0 0 0 0 0 0 0 0 0 0 0 0 0 0 0 0 0 0 0 0 0 0 0 0 0 0 0 0 0 0 0 0 0 0 0 0 0 0 0 0 0 0 0 0 0 0 0 0 0 0 0 0 0 0 0 0 0 0 0 0 0 0 0 0 0 0 0 0 0 0 0 0 0 0 0 0 0 0 0 0 0 0 0 0 0 0 0 0 0 0 0 0 0 0 0 0 0 0 0 0 0 0 0 0 0 0 0 0 0 0 0 0 0 0 0 0 0 0 0 0 0 0 0 0 0 0 0 0 0 0 0 0 0 0 0 0 0 0 0 0 0 0 0 0 0 0 0 0 0 0 0 0 0 0 0 0 0 0 0 0 0 0 0 0 0 0 0 0 0 0 0 0 0 0 0 0 0 0 0 0 0 0 0 0 0 0 0 0 0 0 0 0 0 0 0 0 0 0 0 0 0 0 0 0 0 0 0 0 0 0 0 0 0 0 0 0 0 0 0 0 0 0 0 0 0 0 0 0 0 0 0 0 0 0 0 0 0 0 0 0 0 0 0 0 0 0 0 0 0 0 0 0 0 0 0 0 0 0 0 0 0 0 0 0 0 0 0 0 0 0 0 0 0 0 0 0 0 0 0 0 0 0 0 0 0 0 0 0 0 0 0 0 0 0 0 0 0 0 0 0 0 0 0 0 0 0 0 0 0 0 0 0 0 0 0 0 0 0 0 0 0 0 0 0 0 0 0 0 0 0 0 0 0 0 0 0 0 0 0 0 0 0 0 0 0 0 0 0 0 0 0 0 0 0 0 0 0 0 0 0 0 0 0 0 0 0 0 0 0 0 0 0 0 0 0 0 0 0 0 0 0 0 0 0 0 0 0 0 0 0 
0 1 2 1 0 2 2 0 2 2 0 2 0 1 2 2 0 1 1 1 0 0 0 1 2 1 1 2 2 2 2 2 2 0 0 2 0 1 0 1 0 0 0 2 1 1 2 1 2 1 0 0 1 0 2 1 0 1 0 2 1 1 2 0 1 1 0 1 2 0 2 0 0 1 2 0 2 1 1 1 1 0 2 2 0 2 2 1 0 2 0 0 0 0 1 2 1 2 1 1 0 1 1 2 2 1 2 1 0 1 0 2 1 0 2 0 1 1 1 2 1 2 2 0 0 1 2 2 1 0 0 1 0 2 0 0 1 2 0 0 1 1 2 2 0 1 0 1 0 2 0 0 2 0 0 2 1 2 2 2 1 0 1 2 2 2 2 1 2 2 1 0 2 0 1 2 0 1 0 1 1 0 1 0 1 2 2 0 2 2 0 1 2 2 0 2 1 0 0 1 1 1 2 0 2 1 2 2 0 0 2 2 1 0 2 0 1 0 0 0 2 1 2 2 1 0 1 0 0 2 1 1 1 1 2 0 2 1 1 1 2 0 0 1 1 0 1 2 0 2 0 1 1 2 1 2 2 0 2 1 2 1 2 1 2 0 1 0 2 0 1 2 0 2 0 0 2 2 2 1 1 0 2 1 0 0 0 1 1 1 2 0 0 2 2 0 2 0 0 2 2 2 1 0 1 2 0 2 1 0 0 0 1 0 1 1 1 0 0 2 1 2 0 1 2 2 1 2 0 0 1 2 2 0 1 2 2 1 1 1 2 2 2 1 0 1 1 1 1 1 1 0 1 1 2 1 1 1 0 1 2 2 2 2 2 0 2 0 2 1 1 2 0 1 1 0 0 2 2 2 1 0 0 0 2 2 1 0 1 1 2 1 1 2 1 2 2 1 2 1 0 0 1 1 2 0 2 2 0 2 2 1 0 0 2 0 1 0 1 2 0 1 2 2 0 1 1 0 2 0 1 2 1 1 1 0 2 1 0 2 0 0 2 1 1 1 0 2 0 1 2 1 2 1 0 0 2 2 0 0 2 1 2 1 0 1 2 2 0 0 0 2 1 2 0 2 1 0 1 2 2 1 0 2 0 1 2 0 1 2 0 0 2 1 0 0 0 2 0 1 0 1 0 1 0 1 1 2 0 0 2 2 1 0 2 2 1 2 0 0 0 1 1 2 0 2 2 1 1 0 2 2 1 2 0 2 0 2 0 0 2 2 1 1 2 1 1 2 0 1 2 0 1 1 0 1 0 1 0 0 1 2 2 1 2 1 1 1 0 1 2 0 0 0 2 1 1 0 1 0 0 1 1 1 0 2 0 1 0 1 1 2 1 2 1 1 0 0 2 0 1 1 1 0 0 0 2 2 2 0 0 2 1 2 1 2 2 2 1 0 0 0 0 0 2 2 2 0 2 1 2 1 0 0 1 1 1 0 2 0 1 2 0 0 1 1 0 1 0 2 1 2 0 2 0 0 1 2 2 1 1 1 2 2 1 2 1 0 0 0 1 2 0 1 0 2 0 0 1 2 0 0 2 1 2 2 2 1 2 1 0 0 2 2 0 2 2 1 2 0 2 2 2 0 0 2 0 2 0 1 2 0 2 1 2 2 1 2 1 1 0 1 1 1 2 1 0 1 1 0 2 1 2 1 2 1 1 0 0 2 0 0 0 2 2 0 0 0 0 1 2 0 0 0 2 2 2 0 1 1 1 1 0 0 0 0 2 2 1 0 2 1 0 0 1 2 1 1 0 1 0 2 0 0 0 2 0 1 0 2 2 2 0 0 0 2 1 0 1 0 0 1 1 2 1 2 1 0 2 0 1 2 2 2 0 1 2 1 2 0 0 2 2 2 0 2 2 2 2 0 2 1 2 1 0 1 1 2 2 0 2 2 0 0 1 1 1 0 2 1 0 1 0 0 1 1 0 0 1 2 1 1 0 1 2 1 2 2 1 2 2 0 2 1 1 0 2 2 2 0 1 0 1 0 1 0 1 1 0 1 1 2 2 0 0 0 1 2 2 0 2 2 1 1 0 2 2 1 0 2 1 2 2 0 2 0 0 2 2 0 0 1 2 0 1 2 0 0 2 2 1 2 2 0 1 0 0 1 1 1 0 0 1 0 0 1 1 0 0 1 1 1 2 1 2 1 1 0 2 1 0 0 1 0 1 2 1 2 1 1 1 2 1 2 2 2 1 1 2 2 2 1 2 2 0 1 0 2 1 0 0 2 2 1 0 0 1 0 0 0 1 2 0 0 2 0 2 1 1 0 1 1 2 0 0 2 2 1 1 1 0 1 2 2 0 0 2 0 0 1 1 2 1 1 0 0 0 2 2 1 0 1 1 2 2 2 2 2 2 1 1 2 1 0 1 2 2 1 2 0 0 1 0 1 0 0 2 0 0 2 0 2 1 2 1 1 1 1 1 1 0 2 1 2 1 0 1 0 2 2 1 0 1 1 2 1 2 2 0 1 1 1 0 0 0 2 1 2 1 2 1 2 2 2 1 0 0 0 1 0 2 0 0 0 2 0 2 2 2 0 1 0 1 1 1 2 0 2 1 2 2 0 2 2 0 1 0 1 2 2 2 1 0 2 0 2 1 0 1 0 0 2 2 2 1 0 1 0 1 0 0 0 1 0 0 2 2 2 0 1 1 2 1 2 2 1 1 0 1 1 1 2 1 1 1 0 1 0 1 0 0 1 2 1 1 2 0 1 1 0 0 0 0 2 2 1 0 2 2 2 0 1 1 1 2 0 2 1 0 0 1 1 2 0 2 1 1 1 0 0 2 2 2 0 1 2 2 2 1 1 2 2 0 2 1 2 2 1 1 1 2 1 2 1 1 2 0 0 0 1 2 1 0 1 1 1 0 1 1 0 2 2 2 2 1 1 2 1 0 0 2 0 1 1 2 1 2 2 2 0 1 1 1 2 2 0 2 1 1 0 1 1 0 1 1 1 0 0 0 1 2 2 2 1 2 1 0 2 0 0 2 0 1 2 2 2 2 1 1 2 0 2 1 0 1 2 2 2 0 0 1 0 0 0 1 2 1 0 1 0 0 2 0 2 1 0 2 0 2 0 0 0 0 1 0 0 1 0 2 2 1 1 2 2 1 1 1 1 1 1 2 2 0 2 0 1 0 0 2 0 1 0 0 2 2 1 2 0 2 0 2 1 1 2 0 0 1 2 2 0 0 1 1 1 1 2 2 2 2 0 2 1 1 0 1 0 2 1 1 2 1 1 0 0 1 1 2 0 1 1 1 2 0 2 1 2 2 0 1 2 1 2 0 2 0 2 0 2 1 2 1 0 0 0 1 1 1 1 1 2 2 0 2 0 0 1 1 0 1 2 0 1 2 0 0 2 1 1 1 0 0 1 1 1 2 0 0 0 1 0 1 2 0 1 2 1 2 1 2 1 1 2 2 0 1 1 1 2 2 2 0 0 1 1 2 0 2 2 2 0 2 0 2 0 2 0 0 1 1 2 0 0 2 0 2 1 2 0 1 1 0 1 2 0 0 1 1 2 1 0 1 1 1 1 2 0 2 2 2 2 2 0 0 2 1 2 0 0 0 1 2 2 0 2 0 2 0 1 1 2 2 0 1 1 0 1 2 2 1 2 2 1 2 0 1 1 0 2 2 2 2 2 1 2 1 1 1 2 0 1 0 2 2 1 1 2 0 1 0 2 0 2 0 1 2 1 0 0 1 0 2 0 0 1 0 2 0 0 1 0 2 2 1 1 0 0 1 1 2 1 0 2 0 1 1 1 2 2 2 1 0 2 2 0 0 0 2 1 1 1 1 0 1 0 1 2 0 0 1 0 2 2 0 1 0 2 2 1 2 2 0 2 1 0 2 2 1 2 0 2 2 2 0 1 1 2 1 2 0 0 0 2 0 1 1 1 0 1 2 0 0 1 2 1 1 0 0 0 0 1 2 0 2 2 1 0 1 1 0 2 1 0 0 1 1 1 1 2 0 1 0 0 2 2 0 0 0 1 1 2 1 0 2 1 0 2 2 0 0 2 0 1 0 0 1 1 0 0 1 1 1 1 2 1 2 0 2 0 2 1 2 1 2 2 2 1 1 1 1 2 0 2 1 0 1 2 0 1 2 1 0 2 1 2 0 1 1 0 1 0 1 1 1 2 0 0 0 2 1 2 2 2 1 0 0 2 1 1 1 1 0 2 0 1 0 1 2 1 2 1 2 1 0 0 0 1 1 0 0 0 0 0 2 2 0 0 2 2 1 2 1 2 2 2 0 2 1 1 0 1 0 2 2 0 0 0 1 2 1 2 2 2 2 2 2 0 0 2 0 2 2 2 1 2 1 2 1 0 1 0 1 1 0 1 1 2 2 2 1 1 2 1 1 1 1 0 2 1 1 0 1 0 2 0 2 0 1 2 1 2 0 0 2 0 1 1 2 1 1 2 0 1 0 1 0 2 0 0 1 1 0 0 2 2 1 0 0 2 0 2 0 0 0 2 1 2 0 2 1 2 1 2 1 2 1 2 1 1 2 0 0 0 0 0 2 0 1 0 2 1 0 2 1 1 2 0 1 0 2 2 0 1 2 1 0 1 0 2 0 0 0 1 0 1 2 0 1 0 1 1 2 2 1 0 1 1 1 2 2 1 0 2 2 2 2 0 1 0 0 2 1 0 1 2 2 0 0 1 1 2 0 0 2 2 1 0 1 2 2 0 1 0 0 1 1 2 2 2 0 0 2 2 1 0 1 1 1 1 2 0 1 0 1 0 0 0 0 1 0 1 2 2 2 2 0 0 2 0 1 0 1 0 2 0 2 0 2 1 0 1 0 2 2 1 0 0 2 1 1 0 0 1 2 0 1 1 0 1 2 2 1 1 1 0 2 0 1 1 2 2 1 2 2 0 2 2 1 2 1 0 2 2 2 2 2 0 0 0 2 1 0 0 2 2 1 2 2 0 0 2 0 2 0 0 0 0 0 2 2 1 2 2 1 2 1 0 0 0 2 2 1 0 2 1 2 1 1 2 2 0 2 0 2 2 0 2 2 0 2 1 2 2 1 1 2 0 2 0 0 1 2 2 2 0 1 1 1 0 1 1 0 1 1 2 0 1 0 1 2 2 0 0 2 2 1 2 2 0 2 0 0 2 0 2 2 1 2 1 1 0 2 2 1 1 0 0 0 0 1 1 0 1 1 1 1 0 1 1 1 0 2 1 0 2 2 0 2 1 1 0 2 1 1 2 0 1 2 2 1 1 0 2 0 2 0 2 2 1 0 0 2 0 0 0 2 2 0 2 1 2 1 1 0 2 0 2 0 0 1 2 1 1 2 2 1 0 1 0 2 2 1 2 2 1 0 0 1 1 2 0 0 0 2 1 0 0 0 0 1 1 0 2 0 0 2 1 0 0 1 0 0 1 2 0 2 0 0 2 1 1 2 2 2 2 1 0 0 2 1 1 1 2 1 2 2 1 1 0 2 0 0 0 1 1 1 2 1 2 2 1 1 2 0 1 2 2 1 2 2 2 1 1 2 2 0 1 1 2 2 1 0 1 1 2 2 2 2 1 0 2 2 1 2 1 2 1 0 1 1 2 1 2 0 0 2 2 0 1 1 2 2 2 1 0 0 0 1 0 0 1 0 0 2 2 1 2 1 2 1 2 2 2 1 1 1 0 0 2 2 1 2 1 2 1 0 2 2 1 2 2 2 2 1 2 2 2 2 0 2 1 2 0 1 1 1 2 0 1 2 2 0 2 2 0 0 2 2 2 0 0 0 0 2 1 0 0 1 0 0 2 2 1 2 0 2 0 1 0 2 0 1 0 0 0 1 0 2 1 1 0 1 1 1 2 0 1 2 1 2 0 1 2 1 0 1 2 1 2 2 1 0 0 2 1 0 1 1 0 0 0 0 2 2 2 2 2 2 2 2 2 2 0 2 1 1 0 0 0 0 2 2 0 1 2 2 1 1 2 0 1 2 0 1 2 1 1 1 0 0 1 0 0 2 0 1 1 0 2 1 1 1 1 2 0 1 1 2 2 1 2 2 1 0 0 0 2 0 2 0 0 2 1 0 1 1 2 0 0 1 2 1 1 1 1 1 2 1 0 0 2 0 2 0 2 0 1 1 0 2 2 1 1 0 2 0 2 2 1 2 0 0 1 1 2 0 0 0 1 1 0 1 0 2 2 2 0 1 0 2 1 2 0 0 0 0 0 0 2 1 0 1 2 2 2 2 0 0 2 1 2 2 0 0 2 0 2 0 2 2 2 0 0 0 0 1 1 1 2 0 0 1 2 2 0 2 1 0 0 0 0 0 0 0 0 0 1 2 1 1 0 0 1 1 1 2 2 2 1 0 0 1 1 0 2 1 0 0 0 0 2 1 2 0 2 2 1 1 2 2 2 0 2 2 1 1 2 1 1 2 1 2 1 0 0 0 0 0 2 0 1 2 1 0 2 0 1 1 2 1 1 0 1 2 0 0 0 2 1 2 1 1 2 1 2 2 1 2 0 0 2 2 0 1 0 0 0 2 2 2 0 1 2 1 0 2 1 0 0 0 0 2 2 2 0 2 2 0 1 2 1 2 2 2 0 0 0 1 2 2 1 0 0 1 1 0 2 0 2 0 0 2 0 0 2 2 0 1 2 1 2 0 1 2 2 0 0 2 1 0 0 0 0 0 2 1 2 2 2 1 0 2 1 0 0 1 2 0 0 2 0 0 0 1 2 0 1 0 1 1 0 1 1 0 2 1 2 1 0 1 0 1 1 2 0 0 1 2 0 1 2 1 2 0 1 2 0 0 2 1 1 2 0 0 0 0 1 2 2 0 1 1 1 0 0 2 0 2 2 1 1 2 1 1 2 2 1 0 0 0 2 2 1 0 2 1 0 1 2 0 1 1 1 1 2 2 0 2 1 0 2 0 0 1 2 2 1 1 1 1 1 1 0 2 1 0 1 2 0 1 0 2 2 2 0 2 2 2 2 1 0 2 2 1 0 2 1 1 0 0 1 2 1 2 2 0 0 1 2 0 0 0 2 2 2 1 2 2 1 2 0 2 2 0 1 0 2 1 2 0 1 1 1 0 1 0 0 2 2 0 0 0 1 0 2 1 1 0 0 0 2 0 1 1 1 2 2 1 0 0 0 0 1 1 0 0 2 1 2 1 1 2 1 2 0 1 1 2 1 1 1 1 1 2 1 0 2 0 0 0 1 0 0 1 1 1 1 0 2 1 2 1 1 1 1 1 2 2 2 2 0 0 0 2 2 1 0 2 0 0 0 2 1 1 0 2 2 2 0 1 1 2 2 2 0 0 1 0 0 1 2 0 1 1 0 1 2 1 0 0 2 1 0 0 2 0 2 0 0 2 2 1 2 2 1 2 0 0 2 1 1 0 2 0 1 2 1 1 1 2 2 0 1 0 0 1 0 0 2 2 0 1 0 2 1 2 2 2 0 0 1 1 0 1 2 2 2 0 0 0 1 0 2 2 0 0 1 2 1 0 1 2 2 2 0 0 2 0 0 2 0 2 2 1 1 1 0 0 0 2 0 1 2 0 0 1 1 2 0 0 2 1 0 1 0 0 0 0 1 0 0 2 0 0 1 1 1 2 2 1 1 0 2 2 1 1 0 2 0 0 2 0 2 2 0 0 1 0 1 0 1 2 2 1 2 0 0 0 1 2 0 2 0 0 1 2 1 2 1 2 2 1 1 2 1 1 0 0 2 1 0 0 1 0 0 0 1 1 1 2 2 2 2 0 0 1 2 1 1 0 2 1 2 0 1 1 1 1 2 1 0 2 2 1 2 0 2 1 2 1 0 1 1 0 2 1 0 1 0 1 2 2 0 1 0 1 2 2 2 1 0 0 2 1 2 1 1 1 0 0 0 2 2 2 0 1 0 0 0 1 2 2 2 0 1 2 1 1 2 2 0 0 2 0 1 2 0 0 1 0 1 2 0 2 1 1 1 2 1 2 1 1 2 0 1 1 0 0 0 0 2 1 1 0 2 0 0 2 1 1 0 0 1 1 0 0 0 1 0 2 1 2 0 1 0 2 2 0 1 0 1 0 1 0 0 0 1 0 0 0 0 2 1 2 0 1 2 1 0 0 0 2 2 2 0 2 2 0 1 0 0 0 1 2 1 2 1 2 1 1 0 1 0 1 1 1 0 0 2 2 1 1 1 1 0 2 2 0 0 0 1 1 0 0 0 2 2 1 1 1 0 2 0 1 1 1 1 0 2 0 2 1 2 1 0 0 0 2 1 1 0 2 2 1 2 2 0 2 1 2 2 2 2 2 1 1 1 2 2 0 1 1 2 0 0 2 1 0 0 2 2 0 2 1 2 2 1 0 2 0 2 1 2 2 1 0 2 2 1 1 0 2 0 0 2 1 0 1 2 0 1 2 2 0 1 2 0 2 2 0 2 0 2 2 0 0 0 2 0 1 1 1 0 2 1 1 0 2 2 0 0 1 0 2 2 1 1 0 1 2 1 1 2 0 1 2 2 1 2 2 1 1 1 2 0 0 0 1 2 0 2 0 2 0 0 2 1 0 2 0 2 1 1 2 0 2 1 2 1 1 2 2 2 1 2 0 2 0 0 2 1 2 2 0 0 1 0 2 1 0 2 1 0 1 0 0 0 1 2 2 1 1 0 1 1 0 0 0 0 0 2 2 0 0 0 0 1 1 2 0 2 2 1 2 0 1 0 1 0 2 0 1 1 1 0 2 1 1 2 0 1 0 2 2 0 0 2 2 2 2 2 2 1 0 2 1 1 2 2 1 2 0 1 0 2 2 1 0 0 1 0 1 1 0 1 2 2 0 1 1 0 0 1 1 0 1 0 2 1 2 1 0 2 0 1 1 2 2 0 2 2 1 1 0 2 2 0 2 0 1 1 0 0 2 1 1 1 1 1 2 1 0 0 1 0 1 1 2 2 1 2 2 0 0 2 0 0 0 2 0 2 0 0 0 0 2 1 1 1 2 0 0 0 1 1 1 1 0 0 1 1 0 0 0 0 2 0 0 0 0 1 0 1 
