50
10
5
4080
80
99
0 1 1 1 1 1 1 1 1 0 0 1 1 1 1 1 1 1 1 1 0 1 1 1 1 1 1 1 1 1 1 0 1 1 1 0 1 1 1 1 1 1 1 1 1 1 1 1 1 1 

1 0 6 2 1 3 3 2 0 0 0 3 0 0 6 1 1 3 2 0 0 0 4 1 10 0 0 1 0 8 0 2 0 0 0 3 0 0 1 0 1 2 0 2 0 0 0 1 5 5 0 
2 5 5 1 1 5 2 2 0 3 1 1 1 4 3 4 2 3 0 0 0 1 12 1 0 0 1 0 1 1 0 0 1 0 4 6 0 1 1 1 1 0 0 0 0 6 4 3 3 0 0 
0 1 0 1 2 0 0 0 2 1 1 0 0 2 4 12 4 1 1 1 0 3 2 0 4 1 5 2 1 5 4 1 1 0 4 0 0 6 0 5 1 3 5 1 1 3 1 1 0 0 4 
0 8 1 0 4 0 0 2 1 0 1 0 2 1 5 6 2 4 0 1 1 0 1 0 1 1 1 0 2 2 5 0 2 1 1 2 2 3 0 0 0 3 0 3 0 0 2 0 0 0 2 
1 0 0 1 2 1 0 3 0 3 2 1 1 0 5 0 3 2 1 0 3 0 0 1 2 1 0 2 1 0 0 5 1 1 1 0 0 1 0 1 0 2 5 9 6 4 0 3 1 3 4 
1 0 0 8 5 1 0 2 0 2 8 6 0 1 0 1 2 4 1 0 0 0 0 0 0 5 1 8 1 0 3 8 1 0 7 1 1 0 0 2 5 0 1 0 2 6 1 0 3 4 1 
0 0 1 0 0 1 3 0 0 0 0 0 3 0 0 0 2 0 1 0 0 2 8 0 1 6 2 3 3 2 0 3 3 3 0 0 0 5 0 1 0 1 1 4 2 1 0 0 3 2 3 
0 1 2 0 5 2 0 2 1 3 12 0 1 3 1 2 0 1 0 1 1 1 0 1 0 1 2 1 1 1 0 1 5 0 3 4 3 4 1 0 2 1 2 0 1 0 13 1 1 0 0 
0 1 0 2 2 4 0 0 0 2 1 2 2 2 1 1 1 1 0 3 0 2 1 1 0 1 1 2 0 1 5 1 0 0 0 3 0 0 0 0 0 2 0 3 0 2 0 4 0 1 2 
0 0 0 2 1 2 0 0 7 2 0 0 3 0 1 1 0 3 2 2 5 0 4 2 2 1 0 1 2 2 0 6 6 1 2 0 0 4 1 0 1 1 1 0 4 5 6 0 2 2 0 
2 0 5 1 2 1 1 0 0 0 2 0 0 0 3 1 0 2 0 0 0 2 3 2 1 2 2 4 1 0 5 0 0 4 1 0 0 0 1 1 1 0 2 1 0 1 0 1 0 0 2 
1 7 1 0 1 0 0 1 2 0 1 4 2 0 1 3 2 2 0 0 0 0 6 2 1 1 3 7 3 0 2 1 0 0 2 2 1 2 0 0 0 1 0 3 5 1 1 1 0 3 3 
0 0 3 4 3 0 2 3 0 5 1 1 0 2 0 2 0 0 6 0 0 1 1 6 1 7 1 0 0 1 7 1 2 3 0 1 0 0 0 0 0 2 2 0 1 5 3 1 5 2 4 
0 0 0 0 3 0 1 5 1 0 5 4 2 2 0 0 3 0 0 0 0 0 2 0 1 1 0 0 1 5 10 1 0 0 2 0 2 0 0 0 0 11 0 4 2 0 0 1 1 0 1 
3 1 0 0 9 3 0 0 0 0 0 6 1 1 1 2 0 3 3 0 0 3 0 0 1 0 0 0 3 1 1 2 4 3 3 4 1 0 6 6 1 0 5 0 1 1 3 1 1 1 1 
1 0 2 1 3 0 1 4 7 0 1 2 4 0 1 3 3 2 2 2 0 3 2 0 0 0 0 2 2 1 0 0 4 0 2 2 0 0 1 0 0 0 3 0 0 0 0 0 5 3 3 
0 1 1 0 3 2 0 1 1 4 3 1 3 4 0 1 0 2 0 0 0 0 0 0 1 0 1 1 0 0 0 0 5 4 2 3 2 9 0 0 4 0 2 2 0 0 0 0 3 1 1 
5 2 1 0 0 2 3 2 6 0 0 0 0 6 7 3 2 6 0 2 3 0 1 1 1 1 3 2 0 0 0 0 4 1 2 0 0 1 2 0 1 3 1 1 2 1 1 1 1 2 0 
0 0 1 3 1 0 2 0 1 3 0 4 2 3 1 3 0 6 1 0 1 0 2 0 0 0 1 1 2 0 1 8 0 0 3 2 1 1 5 6 0 0 3 0 0 0 4 0 0 0 0 
3 2 0 4 3 0 1 0 5 1 4 4 3 0 2 1 1 0 1 1 1 2 0 1 2 2 1 3 0 4 0 3 1 0 2 0 0 0 2 0 2 1 0 1 2 4 0 0 0 1 2 
1 0 0 0 0 2 2 3 2 1 4 1 0 7 0 1 0 0 0 1 0 2 2 1 1 1 2 2 2 0 0 0 1 0 1 1 0 0 0 3 4 0 0 0 0 1 2 1 6 3 0 
0 1 2 2 0 0 0 2 0 1 0 1 0 1 0 1 1 0 5 0 0 0 2 0 0 0 6 3 0 3 4 0 1 2 4 1 0 0 0 0 3 0 1 4 3 1 1 0 5 1 2 
0 1 1 1 6 2 1 3 4 0 2 0 2 0 0 0 0 0 1 1 0 3 11 0 2 1 1 0 1 0 3 2 1 0 0 1 4 2 0 2 6 0 4 2 0 6 4 1 0 0 0 
0 0 0 0 4 2 5 10 0 5 3 4 1 0 0 0 4 3 1 2 2 1 1 1 3 1 0 1 3 2 1 0 4 1 1 3 0 1 3 0 0 1 0 6 1 1 0 1 0 1 0 
5 0 2 0 5 0 2 0 0 0 4 0 0 1 2 6 2 0 2 0 1 0 0 1 5 2 2 1 4 0 2 3 0 1 0 0 2 3 2 3 0 1 0 0 5 3 0 1 8 7 1 
1 0 4 0 0 1 3 2 1 0 0 0 0 2 1 2 1 0 0 0 1 3 0 2 2 0 4 0 0 4 4 2 0 3 3 1 0 1 0 3 2 1 0 0 0 1 2 2 4 5 0 
0 2 1 5 1 1 3 3 2 2 2 0 5 1 0 0 4 3 1 2 1 0 3 1 0 1 0 0 0 0 0 1 3 1 1 0 0 0 0 2 0 2 0 0 0 0 0 0 0 4 3 
1 5 2 0 0 0 0 0 0 0 0 6 0 2 1 0 2 3 0 1 6 0 1 8 1 3 0 1 5 0 0 1 0 0 1 0 0 2 1 1 0 4 1 0 1 5 1 1 3 3 3 
2 5 0 2 0 0 0 3 0 0 0 1 1 0 0 9 0 6 1 3 7 1 0 0 0 0 1 1 6 0 0 2 0 2 1 1 5 1 0 0 5 1 2 1 3 3 1 0 3 0 4 
3 1 0 3 2 0 0 0 0 1 1 5 2 0 0 0 0 4 1 0 3 0 3 0 4 2 4 7 1 0 4 0 1 16 0 0 0 1 0 1 5 4 1 2 0 4 3 0 3 1 1 
1 1 0 0 0 4 4 0 0 4 0 2 1 0 2 2 1 0 0 0 0 11 1 3 0 1 1 0 0 0 2 3 1 5 3 4 3 2 0 0 2 1 3 0 2 1 3 0 3 7 0 
5 7 4 2 0 0 0 0 1 0 0 0 4 0 0 3 4 6 0 0 1 1 7 2 0 1 1 1 1 1 5 0 1 3 0 1 0 0 7 2 2 0 0 1 0 0 1 0 0 1 0 
4 0 0 1 0 2 0 6 0 2 4 1 0 2 1 3 6 5 3 2 2 4 3 0 0 0 2 0 1 0 0 0 0 1 11 1 0 0 1 0 4 1 4 0 0 1 11 0 1 3 5 
0 2 3 1 2 8 0 3 1 0 0 3 2 1 3 0 3 0 4 0 6 0 0 0 1 1 0 3 5 5 3 0 1 1 1 0 1 1 0 0 0 0 5 2 8 3 5 3 3 3 0 
3 0 0 4 3 2 0 2 1 5 1 2 1 0 0 5 1 2 0 2 2 1 1 1 1 0 0 0 0 0 0 8 0 1 4 0 0 5 2 2 4 0 1 1 0 1 0 3 0 1 1 
0 0 0 1 1 1 3 3 2 18 0 2 0 1 1 1 2 1 0 1 0 0 4 3 1 1 0 1 2 2 0 3 2 0 0 0 2 0 0 0 0 0 0 1 2 1 5 1 0 0 5 
1 1 3 0 0 0 1 1 0 0 2 4 3 2 0 0 1 1 0 2 1 0 3 0 5 1 0 1 1 0 0 0 2 0 0 3 1 3 1 1 0 0 1 3 3 2 4 0 0 7 12 
2 0 3 3 0 0 3 1 2 6 3 2 1 0 0 1 1 4 3 0 4 4 1 2 2 0 2 5 0 2 5 0 3 2 4 6 4 2 1 1 2 0 0 0 0 0 2 4 0 1 5 
0 0 1 6 0 2 2 0 0 0 6 0 0 2 0 0 1 3 1 0 1 4 1 3 0 4 1 0 0 0 0 0 1 1 0 1 0 5 1 0 0 1 1 0 0 1 1 2 1 6 5 
6 3 1 3 0 0 0 0 1 0 0 3 3 3 0 0 0 8 3 0 0 0 4 1 1 1 5 0 6 4 0 4 2 2 2 3 6 0 0 1 0 0 0 0 0 0 1 0 0 0 1 
1 2 1 6 0 0 4 1 8 3 2 4 1 0 1 1 0 1 1 2 5 3 3 0 8 0 1 0 0 3 3 3 1 0 2 2 0 2 0 0 1 2 0 10 0 3 1 0 1 4 5 
0 2 3 1 2 4 0 4 0 3 2 0 0 0 2 8 0 0 0 2 3 2 6 3 3 2 0 0 0 0 10 1 3 2 7 1 2 8 0 4 3 0 4 0 0 1 0 1 0 0 0 
3 0 0 1 3 4 3 4 0 5 3 1 2 2 1 0 0 1 1 0 0 1 0 1 2 2 2 0 2 0 0 1 0 0 0 3 0 6 2 0 4 1 4 1 0 1 3 1 6 0 2 
0 4 2 5 1 0 2 1 0 2 3 1 2 0 1 1 1 1 0 2 1 3 1 0 7 8 3 1 5 0 0 0 0 3 0 1 0 4 0 0 1 6 2 0 0 0 4 1 4 0 0 
0 4 3 1 3 3 0 0 2 1 1 0 1 0 0 0 0 0 0 1 2 0 0 0 0 1 6 3 0 0 0 2 5 4 0 3 2 1 0 0 3 1 1 0 2 2 1 0 3 1 1 
1 2 2 2 0 0 1 4 1 2 9 0 1 3 0 1 1 1 1 4 1 0 0 3 3 4 0 3 2 3 0 0 1 8 4 1 0 1 1 1 0 1 1 2 0 2 0 4 0 2 2 
3 2 0 1 1 6 3 0 2 1 2 4 0 2 3 3 2 0 0 0 0 3 3 0 0 1 0 0 5 4 4 2 2 5 0 0 4 0 1 1 2 0 1 4 3 0 2 1 1 8 2 
3 3 1 6 0 0 0 0 0 0 0 2 2 0 0 4 5 0 1 1 6 1 6 3 0 0 1 5 2 1 2 1 0 0 1 0 0 2 1 1 3 2 0 1 2 0 1 1 1 3 0 
1 1 0 0 3 0 3 2 6 0 1 1 2 2 0 0 0 2 2 1 1 0 1 0 6 4 1 1 1 1 2 4 3 2 0 2 0 0 0 7 1 3 1 0 1 1 0 1 0 3 5 
2 0 1 3 0 1 0 1 3 2 0 2 1 0 6 0 0 0 1 0 1 1 1 1 4 0 2 0 0 1 0 10 1 4 3 1 0 0 0 0 6 1 5 1 1 4 3 1 4 1 1 
0 3 0 3 2 0 1 0 0 5 1 0 1 0 0 0 2 0 0 4 0 1 3 4 0 2 2 2 1 0 0 5 8 0 2 2 1 0 3 2 0 0 0 2 2 0 2 0 1 4 0 

0.012414 3.748541 1.429866 0.457552 4.744521 2.122009 2.018144 4.302062 4.494214 1.465297 3.325156 2.914847 0.412729 4.972444 1.414056 3.314725 4.850512 3.459932 3.676396 1.286715 2.043455 2.153738 0.466984 1.809134 3.655739 3.983285 1.612535 1.787036 3.891579 2.826877 0.795961 3.903992 1.575417 2.225827 4.361545 1.319938 4.347836 1.379689 0.622000 3.842049 2.844985 3.947155 1.756896 3.257714 3.919599 3.170953 1.572440 3.770111 1.630885 0.248836 0.056826 3.674339 2.402574 0.523810 0.483473 1.058313 4.507095 2.096008 2.845348 3.398674 4.922885 3.641309 2.302666 1.498302 0.867136 1.664211 2.818240 0.214971 3.043900 3.440240 4.057021 0.888885 2.387396 0.813917 4.146599 1.306995 3.984870 0.719039 0.077105 0.615755 -0.967875 -0.133932 -4.290094 -3.370448 -0.657742 -4.773567 -4.428761 -0.164837 -1.869576 -2.274109 -3.563511 -1.792461 -0.915418 -0.866177 -3.290763 -1.782554 -2.530388 -1.109003 -1.997526 -0.574288 -4.549243 -1.054546 -1.463173 -1.936639 -1.868463 -0.609772 -3.243634 -0.853333 -1.328812 -3.320739 -1.469088 -2.296686 -3.454671 -0.759182 -0.667134 -4.112412 -0.532749 -0.095895 -4.277249 -2.402325 -2.370005 -2.840760 -4.194786 -3.285423 -3.706937 -2.485548 -0.067977 -1.237325 -3.594552 -2.065503 -1.811613 -3.143795 -3.120049 -3.274786 -0.080434 -4.988512 -3.884558 -3.324068 -0.841845 -0.213370 -1.644807 -2.310934 -2.510056 -0.099477 -3.070116 -3.177190 -4.211890 -3.602865 -3.273086 -3.489140 -1.005190 -0.643091 -1.329900 -0.199975 -3.928514 -0.036837 -2.685524 -3.996490 -1.274163 -1.280075 -1.061993 -3.085776 -4.423870 -4.182042 -1.360562 -4.504304 -4.170554 -0.245120 -2.828372 -0.012399 -0.458490 -4.473179 -2.323333 2.968546 4.572656 0.393448 1.145737 3.784546 3.996313 4.418822 2.273686 0.061913 3.603586 0.201478 3.990427 3.640423 2.887001 2.986917 4.914586 4.167077 4.048911 3.000362 3.590947 3.230952 4.360923 3.095251 2.401506 4.606043 0.923623 2.413906 0.064533 0.396801 4.737238 3.033080 4.969458 0.130686 4.178816 3.754004 4.126999 3.597639 1.027689 4.128502 3.659552 4.631275 4.329979 2.649979 3.271699 2.216981 0.636896 3.186284 1.384057 4.685807 1.186646 4.975004 2.916759 0.547569 3.070255 0.318265 0.153613 3.993878 2.732171 0.218146 4.390679 2.469409 3.251226 4.360137 2.600096 2.430042 3.114140 1.727095 1.027680 4.141829 0.855597 4.687232 3.773105 0.185576 2.337211 2.044803 2.402557 2.974107 0.231088 3.786614 2.659914 1.417734 3.761618 0.576673 1.965303 1.831873 0.894938 2.118916 0.825751 3.627109 2.337062 0.216430 1.096518 0.588287 4.576567 3.696613 3.018329 2.690707 0.423708 4.046010 1.832536 1.279305 3.733242 0.605641 1.464881 1.070453 2.650445 3.867438 4.044560 2.881533 2.654052 1.704474 4.299266 1.415670 2.281147 1.264570 3.247543 3.176085 3.383485 4.073294 1.803194 0.720547 4.289723 2.899711 1.308834 3.866291 1.596324 4.327163 1.556998 2.020032 3.373173 3.389534 3.299337 2.106415 3.995175 4.764218 3.176868 1.645620 3.631655 2.221428 4.527153 1.285707 3.925903 3.826419 2.701376 1.207050 0.090989 0.948919 4.383134 3.474474 0.022213 1.186328 4.195021 4.311936 4.086040 0.503855 3.178227 0.682364 4.831018 4.735225 2.702396 3.204191 3.124759 1.001733 0.310606 2.119934 0.765951 3.487474 3.765554 4.397606 0.708903 3.292707 0.683313 4.634805 2.119126 3.384689 0.841855 2.210114 4.333608 0.224990 0.684588 4.355821 1.411318 4.879609 3.667757 0.497357 0.383464 1.845984 1.179721 0.214482 1.581208 3.882117 3.418673 4.705966 4.883850 3.729280 1.825901 0.649801 2.216754 0.591455 0.047407 2.925656 3.884162 0.730719 2.560462 1.003288 4.115408 3.402317 3.213402 3.449016 3.627307 3.897990 2.804837 0.038625 3.777599 1.472593 0.535982 4.161063 3.318577 1.715703 4.375545 4.899785 0.597820 2.794218 4.605752 0.481670 1.523498 1.431652 1.131471 3.740251 2.023107 1.178878 1.665908 0.907268 1.909597 4.226370 1.910556 1.025006 2.628687 0.123958 4.474022 1.255994 4.021949 2.278858 1.294619 2.799548 3.751452 1.830601 1.960610 2.070029 3.546304 1.336155 1.969813 4.144125 4.130373 1.575565 4.625795 0.653871 3.007216 0.757266 4.394122 0.030323 1.936144 1.060030 0.937591 3.845742 0.286400 2.848147 4.870747 2.915087 2.972105 4.344769 4.171082 1.994053 1.623627 0.465700 4.793601 0.375079 2.296301 1.754211 2.445107 0.842606 3.090367 4.414920 4.986731 2.220740 0.990485 4.612525 2.874611 3.997701 0.369792 2.268733 4.028024 2.305936 3.328763 4.965616 1.151677 3.615164 2.813762 1.022424 1.530251 0.785867 0.367193 0.701332 2.779921 1.990820 1.167033 2.573522 2.365899 3.463334 4.327733 4.811007 4.305940 2.418100 4.225927 4.292670 4.638840 0.216412 3.905196 2.513451 4.214114 4.274988 4.782184 3.242138 1.580923 3.110947 3.207754 2.732601 1.726111 1.021516 3.755025 3.256362 1.807383 4.122218 3.957695 4.587304 1.113038 0.124727 2.160826 3.478937 3.588062 1.488559 3.289943 2.894001 3.906659 2.515870 2.186672 3.545499 2.732282 1.091868 1.058950 1.946396 0.366855 0.841134 0.188534 1.947779 3.952081 3.396287 4.680379 0.678192 4.417803 3.435404 3.934555 1.225186 2.557621 2.892249 0.812490 3.670659 3.016977 2.973316 2.149596 1.605038 4.461875 0.439539 4.499040 3.368534 2.955409 1.685712 1.914033 0.687691 2.777579 2.972983 2.634087 3.144434 3.814117 2.822620 0.092213 2.766199 1.218907 4.772592 3.444391 0.636710 3.207996 2.378946 1.861897 0.765617 0.271195 2.674387 4.436276 3.288172 0.647702 1.585872 4.893210 0.109577 2.025411 4.392250 3.478112 4.980820 1.077961 0.392145 0.668511 3.855541 3.365128 3.302598 1.999975 2.179245 1.125218 2.092188 4.945444 2.344126 1.864780 3.389835 2.980836 0.072776 0.768781 4.842732 0.838393 1.039976 2.517119 0.274670 4.328148 3.164821 1.860542 4.221359 3.274399 3.885952 3.613608 1.752511 3.866773 4.691570 2.144655 4.535284 3.547111 0.509784 2.837882 0.547086 2.689029 3.963099 2.639274 2.634473 1.307225 4.504055 1.024308 4.288061 4.576830 1.793090 4.130793 0.415224 2.833066 1.647912 0.689893 2.161215 4.812733 2.550435 1.382573 3.087132 1.436388 4.996181 4.839643 0.303160 4.687751 1.984298 4.838444 3.234862 2.494081 2.676325 3.781948 0.183110 1.639424 1.421221 2.817583 2.946649 0.925276 3.841892 2.234710 0.502106 0.634982 1.365503 0.917330 3.468048 3.013415 1.607224 0.629262 2.826148 4.157659 2.011835 0.913280 0.594047 2.008017 0.752922 0.897207 1.695768 2.737220 0.735651 4.930630 0.231301 3.411975 3.712578 0.414411 0.051400 0.133799 3.231995 2.998049 1.059075 2.073887 0.232759 1.561181 2.708869 1.598262 2.478511 1.176916 4.611677 4.085735 1.806179 2.437825 3.243394 3.818014 3.351104 3.837440 0.826031 4.104027 4.734648 2.521799 1.841247 0.470298 2.452429 2.072548 3.882274 1.165007 2.486959 3.933674 1.298805 0.718954 1.931723 2.357880 2.792841 2.164483 3.919061 0.501710 3.762745 1.397572 1.678626 3.374422 0.483307 3.484804 0.812247 3.726701 2.302819 4.163351 2.564142 3.128849 3.267378 2.298790 0.650649 0.108625 2.769088 3.103078 2.181173 1.651362 4.268084 4.668132 0.585036 0.566890 0.387086 2.516759 2.924769 3.179927 4.681242 1.843830 3.681637 3.443986 3.241403 0.360263 1.818408 3.724710 3.845067 2.630655 2.451411 1.147885 1.794006 0.015554 4.276735 0.061384 2.314343 4.927383 0.170008 0.083431 3.030461 2.351181 1.734793 2.298545 2.019313 2.319829 2.865435 2.406399 4.836588 0.790204 0.586327 4.517830 2.634035 4.267964 2.961816 0.875438 4.628226 4.780224 4.600148 3.473294 2.410879 2.051559 4.621179 4.204885 2.067113 3.897914 4.266268 4.381456 3.825297 4.436276 4.464888 1.855758 1.787457 1.199681 4.154304 3.806770 3.519509 2.019738 1.213170 3.356097 2.809943 1.799496 2.873927 0.443978 1.067460 0.835743 1.319416 0.695686 0.615967 0.919564 4.168980 3.026846 2.971123 3.790158 2.231731 0.038236 2.688072 1.498000 4.419692 1.513369 0.934276 3.884579 -3.369127 -2.721734 -0.084260 -2.523431 -1.528504 -3.603769 -4.543169 -2.741673 -1.959867 -2.353112 -4.541170 -4.833794 -2.797090 -0.608630 -0.669537 -4.116506 -1.304316 -1.285505 -0.036069 -0.473295 -4.312351 -3.007192 -4.263453 -1.544082 -3.045428 -1.951526 -3.042082 -2.465120 -3.464895 -3.976358 -1.349699 -1.834022 -1.698092 -1.433959 -4.357453 -3.226595 -0.037728 -3.900622 -0.968269 -1.997595 -1.253734 -0.509439 -1.831388 -4.050824 -1.118068 -2.500925 -3.167330 -2.422384 -3.786430 -3.203399 -2.895679 -3.098781 -1.210592 -2.159133 -4.642863 4.256020 4.110659 -2.684945 -1.721139 -2.575554 -1.661302 -3.070838 -4.409575 -3.359394 -4.504796 -3.767028 -1.585990 -4.542524 -2.667651 -2.554259 -1.540119 -3.921385 -3.063698 -3.371507 -2.972209 -4.181766 -0.872432 -1.139539 -1.604150 -4.658862 -4.342939 -4.499830 -2.757643 -0.553531 -1.658963 -2.400506 -4.809550 -0.769622 -0.085451 -1.530689 -3.345175 -1.746753 -4.601527 -2.754751 -0.106147 -4.106323 -1.521779 -1.692137 -3.648847 -4.189430 -4.246396 -0.188966 -3.110814 -2.310093 -3.560473 -1.083024 -1.491859 -4.432905 -2.222563 -3.096010 -4.091768 -1.565502 -2.595840 -1.849411 -2.119033 -4.254803 -4.249918 -1.928583 -0.024425 -4.335368 -3.459272 -3.369600 -1.082122 -3.060799 -1.124351 -1.188269 -2.167123 -2.646130 -2.880405 -0.815970 -1.835560 -2.126801 -1.004936 4.946374 4.436894 4.565409 1.029398 0.928754 3.998314 3.251961 4.024764 3.090081 4.817463 1.620603 4.939493 1.936496 0.875406 4.189410 3.865079 0.899830 3.524778 2.324351 4.269430 4.606900 0.385150 0.393781 0.795169 2.552273 3.039911 3.675574 3.368243 4.875471 0.802376 4.373178 4.821845 0.239270 3.938587 0.851243 1.168024 2.936901 4.103204 0.192787 1.026982 3.920667 1.813390 0.966475 0.857163 2.688796 0.155885 4.722241 3.588627 3.680664 2.046592 2.858057 3.287564 2.431743 3.251838 4.082733 4.984015 1.291749 2.758307 3.352258 1.167219 3.560683 2.725436 0.989064 3.799953 1.664023 1.840307 4.967976 4.600924 0.943511 0.160763 0.627905 4.864179 1.974154 1.594380 0.721341 4.662950 1.750266 0.443583 3.251576 0.430929 2.490175 1.109633 3.718493 4.921917 4.361471 2.801226 4.905933 0.653219 0.559533 3.258191 1.820439 4.120215 0.983627 2.809503 2.920168 2.647650 4.649810 2.888144 2.248573 0.593322 3.048908 2.876479 0.457500 0.023061 4.470859 1.178841 4.686011 1.221125 1.622424 2.937587 1.652054 4.112599 4.047220 0.370547 4.034517 3.408691 3.171773 3.940450 4.061910 3.731306 2.198641 0.882349 2.851521 3.182268 3.691852 0.771689 0.829918 3.341662 3.659834 3.078491 3.934983 1.708741 0.954970 4.392484 1.731802 0.425829 0.571325 1.417813 1.646953 2.193749 4.355401 3.299007 1.306348 3.402621 3.669555 0.340865 1.811311 1.841328 4.281315 0.873222 0.572634 1.479956 1.755570 3.424155 4.662224 0.447422 4.195845 0.492142 3.789084 2.855679 3.570633 2.724067 4.564420 4.525602 2.116550 1.296222 4.951431 2.687875 2.714036 1.598384 4.881624 2.069436 4.897392 1.187973 0.472056 3.566947 1.528838 2.283368 0.408275 0.810153 3.156589 0.980909 2.290110 4.912160 4.405064 1.952334 0.359581 3.600909 2.444476 4.148665 1.456587 1.015109 1.872732 1.021007 0.540712 3.989283 2.317229 0.492143 1.677158 0.031265 2.090528 1.558782 2.100700 1.987920 2.746755 2.572757 0.554867 4.275593 4.856124 0.963142 0.085746 3.012714 1.944050 2.375856 2.924874 1.349114 4.328190 3.284455 4.950023 1.772666 2.433120 1.406610 2.787776 4.305852 2.427617 3.328488 3.295135 4.744846 3.820631 4.972293 4.776110 0.911158 1.531075 1.876811 2.899078 4.277830 4.449567 3.453945 3.553423 4.305692 4.417086 3.639169 2.318406 1.361136 1.015025 0.243280 2.710250 0.343215 3.527735 2.660273 2.115882 0.960855 4.066883 4.903658 0.266708 1.494500 3.232145 3.561842 1.239346 2.052776 3.534135 1.015456 2.963934 0.065211 2.892267 0.863012 4.343040 2.341834 4.316957 2.896464 1.647526 3.734042 1.535633 3.965933 0.095179 2.550658 4.209213 2.805429 2.893874 2.736948 0.465702 0.009756 3.697803 4.532586 4.913414 3.964510 1.027085 3.145559 2.526353 2.266431 0.198334 1.060488 3.281887 3.162268 1.125699 1.174153 4.025280 0.468740 3.515987 3.342236 3.365203 0.163514 2.076279 4.900836 4.129446 2.171457 2.451495 3.338659 4.976887 0.345368 1.075606 0.442589 0.355124 4.773409 4.975174 0.268538 3.737920 1.002259 3.414096 1.264273 3.268690 3.612431 2.324761 1.550576 1.774699 3.450460 2.724730 0.799979 3.919200 1.240717 4.142215 2.284403 1.404230 1.218494 2.185240 0.533677 3.389951 4.636734 3.872335 3.366838 4.982103 4.947942 3.809426 0.337227 4.721352 3.784600 0.605764 3.459271 4.786860 4.019861 4.723545 3.055550 2.632291 2.048306 4.606126 4.406990 0.498767 2.330855 0.206969 4.417966 3.571572 4.349184 1.702370 4.975802 0.567678 3.887609 0.509479 3.957629 3.524343 4.381815 2.324466 3.506446 4.329757 1.133893 3.843673 4.051108 4.918493 4.449437 2.510380 4.705353 3.469298 2.233925 2.760903 1.101589 4.282231 2.367028 0.508579 4.780998 4.697884 0.715548 4.198964 3.269456 0.064732 0.901334 3.245258 0.632409 4.788943 3.754737 4.590038 3.313286 3.136552 1.914505 1.819732 2.466309 3.048398 0.663405 1.517418 2.966891 0.112843 4.027798 2.672244 3.582141 1.261723 0.433147 4.683730 0.543954 2.800175 0.192309 0.324951 2.498059 0.907856 4.523915 0.767514 0.972588 0.425249 4.012773 1.604998 0.214191 2.767510 1.195036 3.527478 0.904062 3.109541 0.347210 3.370371 1.157938 1.010616 4.887789 4.124829 1.123458 3.915587 1.797073 4.705599 0.177309 2.230220 4.389329 0.721263 0.030394 4.581637 1.046214 2.528453 0.489494 0.570129 3.295967 1.462082 0.995378 2.308740 3.067080 1.209569 0.076249 4.262115 4.737047 0.980311 2.371656 0.084257 4.350683 3.529594 1.094873 4.238472 2.654423 2.218331 3.154058 4.451496 1.923931 3.331368 1.681716 1.313259 4.052630 1.712110 0.894897 0.098844 4.240563 1.384390 0.668973 2.536530 2.846472 1.664351 4.845270 0.913552 2.873920 4.921519 0.175667 2.610967 0.901831 2.547323 2.695224 0.252513 1.076917 3.790097 4.490985 3.731339 1.008428 2.645043 3.182836 2.932359 0.976411 4.864552 4.245618 0.029042 1.576662 0.140515 0.127886 0.817225 1.524905 0.796860 3.353756 4.371377 2.461211 3.199026 0.284929 0.335131 3.120545 0.460596 2.946098 4.022376 3.007919 0.641322 4.274889 4.084836 4.431420 3.765874 2.816175 0.439848 1.410918 0.999011 3.372207 2.387329 0.863563 2.617825 2.416370 2.440225 2.758340 2.544256 3.257451 4.283245 3.341116 1.611206 3.654623 0.802327 4.810232 3.939552 1.137458 2.930777 4.400148 4.083556 1.953153 2.408067 4.724878 1.228043 1.492902 4.156298 4.993917 4.309077 4.596146 1.404836 0.308088 2.968353 3.792165 1.171651 0.586178 1.208535 3.611876 3.344518 3.752792 1.869326 2.627763 2.093907 3.480532 1.282386 2.896234 3.290765 0.221938 4.033691 1.221542 4.622086 3.117247 3.174696 2.030153 2.842125 4.402739 3.523055 1.998423 4.396656 2.832133 1.594569 0.801492 3.140221 4.562922 4.593657 4.311872 0.149099 0.802191 2.923748 3.493617 4.554983 4.793074 1.121380 1.648890 3.273607 2.403765 4.545125 1.564371 2.625703 3.578816 2.785914 2.247789 1.696063 0.960609 4.277942 4.538188 0.363348 2.800997 1.536612 4.760004 0.633129 3.131180 0.561496 3.773350 2.694102 0.155152 3.085222 2.843201 0.957343 1.008970 1.336818 0.512326 0.802044 2.458197 2.161216 4.075651 4.861962 1.706341 0.640022 2.487666 0.285157 3.425936 4.735455 1.981220 4.386545 4.013396 1.519408 4.749893 1.814393 3.056020 4.509897 2.447522 1.187200 0.071393 1.220873 3.881302 0.226545 4.306095 1.724503 1.183888 0.315065 3.061321 1.696214 1.117109 0.519518 3.857430 0.192760 0.381480 0.563771 0.832782 2.869146 0.848927 4.258718 2.604600 -2.830147 -3.645263 -1.617996 -4.349555 -3.395156 -3.432389 -2.405575 -2.905054 -0.879911 -3.592775 -2.976446 -2.100784 -2.474077 -3.202991 -1.406878 -4.198580 -4.386878 -1.721943 -2.259901 -1.083092 -2.839052 -2.779418 -4.940522 -3.031811 -3.160899 -0.504293 -3.864594 -1.030045 -1.353220 -3.123312 -3.634645 -4.183367 -1.768575 -0.252642 -3.532922 -0.163731 -3.685031 -0.938497 -3.068784 -4.564942 -4.531273 -1.045230 -1.665726 -2.005350 -4.248221 -3.072605 -1.203930 -3.635099 -4.794548 -3.463831 -4.718192 -2.633600 -1.243249 -4.658714 -0.665411 -4.404148 -0.163007 -4.530005 -0.434193 -1.516227 -2.653316 -4.068839 0.699594 4.421890 4.321481 4.232516 4.585621 3.006512 0.171014 2.654406 2.571454 4.702286 3.699636 4.237181 1.707636 2.947857 2.309786 2.911566 1.582956 2.104334 1.375397 1.301149 4.737934 2.618646 0.959863 0.403345 2.022795 1.122870 4.933350 2.456988 2.639098 2.586665 1.525827 3.338692 2.008556 0.847308 2.571208 1.594177 3.853819 2.742222 4.248583 1.425274 2.444508 2.948219 0.662455 4.152144 0.896075 2.972240 2.063710 2.479032 0.076574 3.439108 3.780180 4.814508 1.057754 4.740044 0.217853 3.080549 0.862914 0.151202 0.537537 3.502012 2.737868 2.063364 1.840703 4.746424 2.910671 4.411911 1.340601 1.764491 2.154134 0.589184 3.189764 4.598641 3.537402 3.852219 3.750786 4.433477 1.824460 0.814496 1.912510 1.901034 4.253604 0.692690 1.715542 0.311358 0.432734 1.933394 3.391907 1.295648 2.084597 3.929444 4.797659 4.822464 0.992808 1.638363 4.568888 3.903479 1.050274 0.909489 0.667970 3.204408 1.498672 3.857734 2.803049 0.036074 2.709954 1.553835 4.469552 4.534413 2.368331 1.382062 1.435447 1.621935 2.074752 3.150989 1.933293 2.507485 0.084383 0.325200 3.803133 2.168979 4.254643 3.600792 1.991444 0.247451 0.239155 1.560332 4.150930 1.289429 2.469820 4.818900 4.493837 3.968493 3.676635 2.296886 4.004567 1.386589 3.850720 3.474119 0.921002 1.219051 4.856181 2.356449 2.840986 1.930933 0.507437 4.774279 4.438418 0.591820 0.099478 3.241551 2.760800 4.354122 1.842343 4.752244 4.601573 2.081498 1.312575 3.752503 3.370926 3.782395 3.571403 2.864763 2.750888 2.248038 0.161649 1.755455 3.634627 4.012369 0.229574 4.555628 0.231421 0.085755 1.912077 3.072407 2.016688 2.419514 2.846685 1.455106 3.011335 2.946163 4.696657 0.772135 2.300285 1.539000 0.524378 1.901858 3.620497 1.836953 0.654361 1.991424 0.619349 4.225764 4.856187 3.370237 1.473802 0.017836 0.125692 0.108428 4.030205 0.355266 4.664057 4.261626 0.441022 1.576134 2.334032 2.457710 3.995648 0.180718 3.912816 2.006983 3.126881 3.609472 2.779118 0.427166 0.148472 3.303496 2.329024 3.768970 0.140449 2.983385 0.760393 0.759798 2.209149 0.616580 4.130035 3.682950 0.634416 4.255727 3.791379 4.664622 4.610993 3.455435 3.926247 0.052015 0.031569 1.260280 2.509725 4.027218 1.440997 1.422540 1.034201 4.567879 0.032012 3.813319 4.995045 0.180484 2.116815 2.324069 3.949454 2.257264 0.307453 4.709847 3.017062 2.516602 0.326428 2.147097 1.199552 0.960844 1.402825 4.990931 0.625465 1.013818 3.446366 4.551713 1.065834 3.477935 0.811993 3.575558 2.505152 2.252990 4.998098 3.539353 1.820868 0.030110 2.352672 1.815913 0.210594 4.469486 4.139982 4.160048 1.726750 4.447434 3.869895 4.743813 1.964036 4.196323 1.890910 3.163588 0.157167 3.293735 3.154519 0.782632 4.307553 1.600885 0.334345 0.373386 0.078820 1.146338 3.948945 2.583972 3.399327 3.947042 1.123326 0.220196 3.977153 3.475997 2.036109 4.187747 2.945484 1.176090 3.347795 4.672234 0.623525 2.217691 4.416046 2.587561 1.414014 1.306956 0.751149 1.571181 4.600690 3.905668 2.353813 3.908243 0.506553 2.688158 4.281630 0.585373 3.834496 3.230574 3.169346 2.233823 2.177617 4.292671 2.454018 1.154769 2.768669 4.490127 0.342517 0.714152 0.666217 3.690312 0.386386 1.289742 0.908003 4.802432 3.877303 2.322017 1.109388 4.628452 3.893198 0.710078 3.534120 1.247011 4.618321 4.040673 3.935169 3.899951 4.626046 2.769664 2.130524 2.795392 4.308141 2.088063 2.457505 0.462910 4.856731 1.947633 0.805427 0.570884 2.613850 4.495739 0.957269 3.903592 0.403742 0.759701 2.780895 2.725759 1.869089 2.409347 1.618957 2.579167 0.943467 2.865968 2.197488 4.984141 1.801136 1.097438 4.610187 4.570800 3.227962 2.405579 4.574287 2.536103 4.493641 2.031793 2.999013 4.350373 3.979425 3.804440 4.921257 1.593275 3.300178 0.878526 0.496867 3.703920 1.638227 3.277761 1.429679 3.507316 0.687108 3.048636 1.086483 1.630576 0.914603 3.283970 1.614716 2.715740 4.381408 1.224903 2.286540 2.609370 3.630482 1.860827 0.145473 3.124124 3.892620 3.144486 2.474497 2.872045 1.948925 2.395754 4.465320 0.249104 3.274280 4.962186 3.953024 4.912507 3.239948 0.382703 3.419823 3.927056 3.431340 4.506306 0.557631 4.345942 2.790276 2.172347 2.061682 2.171684 3.397251 4.348222 4.781054 2.027733 1.209049 4.926528 0.151857 0.101668 3.071013 2.626354 2.973713 0.019939 0.022107 2.439033 0.269043 3.296387 2.401219 4.222067 3.208893 0.641166 4.604770 1.628716 4.568222 3.036110 1.135021 0.125853 2.382052 3.925297 2.298200 4.443735 1.096981 0.695451 3.791957 0.878035 2.723184 0.804563 2.875040 0.102674 3.875576 0.501394 3.076387 3.895515 0.523501 0.515420 4.164558 3.819887 2.916639 3.386625 2.028781 3.557805 2.991395 3.657497 3.126027 1.027505 4.792518 3.251879 3.409557 3.717815 0.550080 2.853292 4.814796 1.245531 1.645249 0.692832 3.968714 1.646255 1.497395 1.843755 1.748929 0.372971 2.345148 4.825316 4.268486 2.868649 0.340736 3.433044 1.688537 3.257375 1.819669 3.717318 1.815180 4.811064 2.374814 4.941206 0.838568 2.167332 3.193086 4.248125 0.885148 3.743166 2.101418 0.699944 4.988697 3.746666 1.392776 3.957411 0.392921 2.890171 0.801166 2.141850 3.263142 3.146314 1.967167 2.531628 1.014963 2.307903 0.964672 2.703500 0.565278 2.784341 1.420817 2.380457 2.595405 3.795632 2.321664 3.433973 0.962964 0.514750 2.682098 1.848112 4.257916 4.783515 2.548057 4.246613 3.530182 3.940833 3.204024 3.923103 1.831004 4.005190 1.064954 0.094146 2.151504 3.032120 2.625774 3.166467 0.340023 3.590446 0.869967 0.905301 1.374787 2.290785 3.285758 3.970192 1.086416 0.607422 2.404165 2.049381 1.122173 0.086263 3.897493 0.380089 4.869779 1.445549 4.626702 3.399961 0.386382 2.830726 2.323064 2.217386 1.835916 3.388017 2.311532 3.987420 1.420137 4.937306 2.153888 1.760160 3.527752 3.023855 2.665461 4.902539 0.314640 0.951219 3.872731 1.401056 1.558641 1.276895 3.450437 2.680814 1.363158 2.347930 3.060903 1.232936 3.793479 2.687605 4.632897 4.179861 0.518331 1.955961 1.397247 2.354247 0.343978 3.708778 1.341668 1.764115 3.646084 3.495555 3.524275 2.173836 1.519410 1.189736 2.076375 1.834050 2.140955 0.949106 3.235106 3.699596 2.226001 1.685543 1.380410 3.589159 4.033472 4.441313 4.822095 2.826951 2.128918 4.454992 2.006812 2.647249 1.410953 3.404059 1.754931 2.112837 1.343164 3.519046 0.758921 4.838719 2.043321 2.932757 1.358129 3.233057 0.009132 3.192179 0.374013 0.958237 1.427285 4.073609 3.184238 3.112827 0.454020 1.773397 2.146300 4.895333 1.595493 4.973250 2.024251 1.050485 1.980063 4.671500 2.461438 0.384122 4.672996 4.216369 2.496959 1.016160 2.735415 3.255880 0.854879 4.778736 1.188636 2.213008 3.011793 1.197768 0.405187 3.385806 2.156005 1.832472 2.459415 0.340244 4.945299 2.913435 2.113641 2.091599 2.808767 3.709134 2.064849 4.833018 4.759619 4.044912 4.504518 2.221057 4.429034 4.177514 1.437425 1.925992 0.193674 4.172840 0.181872 1.048553 3.951575 1.370508 3.261561 1.963368 2.568276 3.666749 0.349174 4.724282 0.499220 2.808589 0.064525 0.444519 0.722024 2.178166 2.536118 3.530791 0.887300 4.600966 3.363809 0.646918 3.645879 2.868326 2.867975 3.074913 2.045840 4.305400 2.239514 3.478240 0.182777 3.288067 2.429815 1.553286 1.549628 4.393184 4.121562 0.216376 4.742358 3.845844 0.715596 2.550947 3.910369 1.160115 3.272970 1.088535 3.696232 1.803761 1.975834 3.297199 0.167570 2.622753 1.943078 3.035896 0.490728 0.017990 0.081736 4.796129 0.018895 2.321249 3.274369 0.201672 -0.609316 -0.704184 -1.754958 -2.158944 -0.097368 -0.876520 -2.375320 -4.839725 -4.722363 -3.090916 -2.390672 -3.632732 -4.251030 -0.663642 -4.721267 -2.947263 -2.467403 -1.697102 -1.244461 -2.634973 -4.319854 -3.187539 -0.670869 -4.810582 -3.205529 -0.752605 -4.606711 -3.224424 -3.073854 -2.881080 -3.426097 -3.683170 -3.585264 -0.181055 -0.842114 -3.682632 -1.057575 -3.217434 -3.522357 -0.779938 -1.308349 -0.913030 -4.412670 -0.559380 -1.576672 -4.133937 -3.506642 -4.044075 -0.831039 -4.751104 -1.679049 -0.150893 -2.938643 -2.349918 -4.961476 -1.144172 -3.102522 -4.568187 -4.368597 -1.176377 -2.449267 -2.794694 -4.859547 -1.034531 -2.975749 -0.701661 -4.717163 -4.033323 -3.919095 -3.239520 -4.813261 -0.227444 -4.152550 -4.225931 -0.786824 -0.729222 -3.359869 -4.293466 -4.773297 -4.190907 -4.044570 -1.452346 -4.341801 -1.983213 -3.802264 -4.303276 -3.127385 -1.904786 -3.871463 -2.495982 -3.081163 -1.320730 -0.290676 2.940710 2.355261 3.266424 3.642371 2.072424 2.299747 2.561466 0.311944 2.113008 2.788909 4.464494 1.338940 3.575733 0.193716 4.698808 2.869198 4.967013 3.889716 1.913768 1.419359 3.231516 3.896981 0.221623 2.534792 2.024366 2.126410 1.406256 4.520348 0.207573 2.726986 4.811024 3.148283 0.082247 3.077448 1.790654 2.154671 0.377196 4.352119 2.466614 2.490204 2.141028 1.931108 3.829144 0.716761 2.124824 3.527952 3.585959 2.091837 2.417667 0.499728 3.511197 0.649183 4.396708 3.732820 3.183976 1.421075 0.859230 4.590232 0.941423 1.066802 2.317218 0.752447 4.215085 2.399465 3.829895 1.005739 4.554135 4.207091 0.357858 2.020750 1.697295 2.498887 3.951858 0.526438 3.215648 1.076682 4.054390 1.801607 3.168520 1.472057 2.301335 1.679716 2.121241 1.698044 0.412536 0.305217 3.119118 1.271766 4.895448 4.060542 2.338568 2.212666 4.812989 1.553653 4.612131 3.642884 2.559392 4.166265 2.849974 2.917251 1.187016 4.547269 0.416138 0.138874 0.073707 3.631786 1.215556 4.128097 0.433393 4.384076 0.600154 2.734728 1.063792 2.721395 4.432772 1.476328 3.026611 2.551891 2.748094 2.922060 1.612432 0.086662 0.134726 1.425421 1.640316 4.746856 0.068305 4.199708 3.913122 2.918279 2.116959 0.100138 2.465548 2.533097 0.239011 2.539255 1.164882 1.454567 1.667352 1.598275 0.838643 2.267506 4.333004 1.902435 4.988901 3.765776 3.378763 3.015512 1.317666 1.126858 0.937572 2.930099 1.213520 1.072297 4.355519 2.853836 0.819153 4.423824 2.053544 4.732275 2.342103 4.170503 4.832413 4.807651 1.703599 0.071424 2.346906 2.868482 1.525991 4.014258 4.466757 2.364635 1.281764 3.799761 4.267070 1.270665 2.565536 2.645833 4.286177 3.883203 3.772691 0.223748 1.813301 4.986211 1.296046 1.168821 2.840047 2.115199 0.592645 4.893590 1.847474 2.934748 4.064093 1.679887 2.742399 0.767692 1.751312 0.089305 3.636174 3.277303 4.103563 3.102931 0.641937 0.385327 1.902692 4.909007 1.655992 4.468228 2.554840 0.942169 3.351431 1.327531 1.165917 0.164732 1.313742 2.461963 1.333553 4.153789 4.577162 1.926197 4.047379 1.424636 4.860945 3.111473 3.104524 2.603344 3.879165 4.855835 2.692648 2.515339 3.133138 1.796212 0.618270 3.775075 2.181539 2.520963 3.684083 3.837531 1.989191 1.238923 4.779700 0.340622 2.566454 0.945617 0.505355 3.880196 3.407580 1.838907 3.033985 2.984742 -3.765105 -2.081365 -4.409379 -3.626050 -0.192837 -2.513902 -1.229393 -4.072002 -2.369737 -3.922042 -1.587341 -0.502875 -0.718254 -2.205612 -4.277951 -2.899792 -4.726574 -2.962033 -1.737324 -1.715765 -4.200956 -1.517024 -2.056387 -1.767410 -2.462641 -2.561742 -0.647606 -0.870221 -4.400650 -3.681591 -3.854964 -3.165754 -0.762955 -3.264342 -1.791804 -0.955792 -0.778244 -3.021197 -0.027794 -3.147981 -1.943239 -1.615136 -3.650856 -2.661492 -3.820747 -2.928807 -0.561285 -3.547321 -0.890840 -2.298608 -0.263087 -0.091796 -3.815632 -2.319474 -1.859205 -1.278273 -4.881216 -2.506811 -2.148494 -4.281866 -1.188402 -1.003458 -2.447620 -1.951357 -4.267799 4.239424 2.907150 0.046043 2.260621 2.934944 3.194024 4.203859 4.550080 1.844880 1.865352 3.370827 4.773686 2.426637 1.918149 0.664526 4.725245 2.181235 0.756322 3.540877 4.500710 2.615528 4.819150 4.381926 0.122339 1.967645 3.663792 1.310741 2.971103 1.111412 3.262098 2.238902 0.350836 1.169248 2.284946 2.611456 4.104193 0.478970 1.815316 3.654273 2.323850 3.680668 2.025100 2.097536 1.107304 3.943248 2.762063 0.832549 1.124484 3.518385 4.373426 0.625193 1.133913 4.192577 0.007119 1.256252 1.160222 3.670911 2.566993 4.131324 4.782322 0.829092 1.370227 0.133158 1.998340 3.655172 2.744614 1.102533 4.134142 4.559930 4.756805 1.457992 3.240597 1.781905 3.555528 4.347902 0.725153 1.317591 0.180451 1.849637 4.835976 4.553877 2.474830 0.969889 3.746454 2.481949 2.226140 4.906675 1.152859 4.793133 4.038000 0.935182 0.622225 0.408226 1.068339 2.620565 4.063398 3.812953 3.723097 3.197541 3.372884 3.479903 4.655532 1.613481 0.261807 3.211060 0.961383 0.986961 4.528651 1.141833 2.836597 4.364627 0.695711 0.311428 0.334516 4.442164 2.793376 2.560656 4.348840 3.946236 2.353789 3.386840 4.881417 2.976014 3.795066 0.949757 0.596579 2.858465 4.762711 4.319676 1.056006 3.135594 2.799579 0.711538 4.749075 3.061386 3.922598 0.710457 4.048347 3.451250 1.852291 1.884944 2.815876 2.548001 2.196372 3.150392 1.990166 4.989748 0.711048 1.339007 3.935984 3.064837 4.725847 3.817401 1.040852 3.520913 4.767159 1.637430 1.379378 4.529869 0.957107 2.435384 2.665462 3.756685 3.146922 2.414537 1.818071 2.069521 3.124995 0.866418 0.520770 4.977285 2.751363 3.336647 2.525287 4.947735 1.487039 4.515453 4.937483 2.198087 0.854460 3.873467 0.262925 0.580306 2.690869 1.303777 4.101220 2.458027 2.941207 0.480598 1.987896 3.898314 2.915982 4.653358 2.654999 1.062905 2.067896 4.473070 3.132426 0.192891 0.339488 3.653196 0.170176 3.090850 1.989843 2.695463 3.038585 3.476882 2.210916 2.976068 0.674970 3.065376 1.849536 0.937895 3.645682 4.540405 2.241671 2.746902 1.998432 0.182878 3.227500 3.986328 4.081192 1.143482 3.639686 1.736190 2.206387 0.707582 1.209260 0.338812 0.900473 1.548748 3.992008 1.070649 4.639599 0.981851 3.766112 2.678184 4.458734 0.977028 0.654252 0.133704 4.042404 2.503788 1.071598 2.688086 2.044192 3.313270 0.434988 4.042624 3.496148 3.662488 3.028952 2.577340 4.805970 1.668638 4.313530 2.012356 2.376221 0.522790 2.351169 3.276694 2.071539 1.343177 4.347342 1.711137 2.325028 3.113454 4.389321 1.783762 4.090482 0.043573 1.917466 3.132886 2.547361 2.989064 0.820972 4.591553 1.302334 1.255960 3.634177 4.798482 4.918447 1.663129 2.375821 4.724417 3.331767 1.689352 1.736774 0.707988 2.212142 4.087943 3.984682 4.283680 0.431119 3.332024 0.994818 2.756147 1.445478 0.384139 4.539909 0.535960 0.427712 1.457375 3.668846 2.975073 4.446439 4.489819 2.566626 0.748773 0.745778 1.200802 0.547255 0.664226 2.863931 2.923076 0.388644 1.195699 4.612427 2.125417 1.903687 1.824569 1.213360 0.888368 1.108250 1.644479 4.220392 2.103068 4.400626 0.665871 2.487207 3.940536 1.201831 2.914919 0.397911 4.870677 0.889991 4.844350 4.360496 3.456617 0.593123 0.106274 4.657419 1.140378 0.770500 2.521350 4.063454 1.159144 3.717049 3.675881 3.284561 0.620736 0.500450 4.497921 1.509104 1.608700 1.142400 0.729496 3.711768 0.543027 1.395367 1.198975 4.483562 2.597198 4.113893 4.881474 2.467875 4.725824 1.828371 3.460501 0.318947 1.934645 3.117920 1.459325 2.705145 0.639271 0.522779 3.864290 4.356320 4.198660 2.148851 4.977056 4.699111 1.646772 1.486160 1.307811 2.789172 2.215656 0.019579 3.332199 3.611023 1.218554 2.815761 1.208221 0.332447 2.697235 3.676096 0.336331 2.423059 0.504467 3.796832 2.742006 2.439112 1.914753 4.201332 0.144258 2.554024 4.724111 4.008548 1.910343 3.922771 1.157398 1.887399 3.621882 2.804170 3.373559 4.929693 0.593342 0.589214 4.949272 3.925540 4.200237 1.167825 1.741302 0.408458 1.500272 4.438537 4.084554 1.836603 1.861595 4.589022 0.633436 4.603601 2.028134 2.548189 3.804933 2.172392 0.102212 3.529043 1.180940 2.012555 2.451814 2.338338 3.899955 1.073696 0.142508 2.273513 1.003389 0.735850 2.862727 0.952661 4.661390 2.062965 2.120486 1.402692 2.471423 3.620758 0.841228 1.555977 0.457362 2.702823 1.144998 1.090797 2.306425 3.173132 3.638986 1.111357 0.345524 3.741198 4.640400 1.526464 0.753753 2.092214 3.864801 4.653708 3.165910 4.007309 1.927221 4.169298 4.743159 4.789948 0.121959 4.404549 1.852913 2.242445 0.807241 4.324336 0.863203 1.648470 0.880312 1.320565 4.351293 2.025310 2.411362 1.657717 0.198442 1.050348 2.769074 0.543966 4.791545 2.409474 2.070430 0.545299 4.501688 0.935231 0.199007 2.667598 4.942541 2.126228 1.836897 4.685699 1.916176 1.958856 4.090249 3.769089 4.201301 4.897490 3.093425 0.064504 1.545960 3.973737 1.385069 0.897253 0.999047 3.796431 2.554970 1.197489 4.846779 0.324044 1.741456 4.638324 2.733519 3.811885 0.183623 2.235207 4.747117 0.382630 4.902805 4.689657 2.508858 1.739702 4.375357 4.425034 3.698558 3.465606 3.194123 2.899859 3.363096 1.287548 2.964363 4.909056 0.261285 4.349432 0.806308 1.260332 3.145862 3.361278 2.457821 2.992641 3.685322 4.199277 2.630965 1.418841 3.011163 2.814589 3.654047 2.758279 3.197219 3.556853 2.447936 0.706077 0.296556 1.823293 0.131111 3.995114 0.288899 3.325234 1.894972 3.651995 4.612782 4.859335 3.561050 4.874067 4.208767 4.367358 1.134399 2.354629 2.728636 3.592220 0.347270 1.413958 2.791497 2.978236 2.832799 0.802660 0.792825 1.486846 3.560939 3.990044 0.043700 1.008875 4.696121 0.340255 2.832169 4.827232 4.335369 3.121068 3.152466 1.230341 1.773062 2.765249 1.089676 0.334112 2.639316 0.298443 4.701471 3.773715 2.653072 2.430107 2.365935 3.000343 3.844065 0.157433 0.978578 1.676864 0.960092 1.771403 3.163710 4.521031 0.761446 3.207409 0.529907 0.457567 3.547665 3.362076 0.284799 2.883033 1.483143 3.437265 4.113375 3.256205 1.202514 0.203051 3.590318 3.841830 0.501494 3.291789 2.615545 3.154567 0.721895 4.981480 1.154910 4.565960 0.138912 2.133488 1.242824 1.099005 3.904891 4.406534 0.620036 4.666337 2.613943 1.149943 0.123905 1.161608 4.512019 0.408704 4.044641 0.995162 3.845969 3.158016 4.251367 0.048483 3.361067 2.841685 3.890313 3.862561 1.133474 1.505857 2.017128 1.855369 1.487337 3.172038 1.421329 1.626249 0.305526 2.664153 2.725254 4.210417 2.070687 3.345290 3.876755 4.684630 4.495233 4.000659 0.846238 4.007252 4.409363 4.890880 3.255332 3.048895 4.253781 3.303815 1.409962 2.095466 2.194128 0.272523 3.228940 3.699986 2.289651 0.084309 0.187323 0.461689 1.505638 1.813572 0.767215 4.169791 4.538826 4.977633 1.240478 2.884116 3.854387 0.925109 2.379349 2.855047 1.771347 1.386601 2.264410 1.662227 1.389015 0.519743 4.711122 0.642795 3.823558 1.121084 2.738261 1.017686 1.393607 0.967201 4.717672 3.683258 1.051509 4.904995 4.144947 2.557148 1.718567 4.912163 1.726939 1.257393 4.889795 2.967417 4.141509 3.744183 3.892526 1.520859 1.599230 0.663873 2.907459 3.863640 2.326100 4.296474 4.383383 2.037221 4.939270 3.206941 3.158305 2.677531 4.224627 4.551912 3.644732 3.942300 3.235170 4.696241 3.847294 2.380117 2.253389 0.565862 2.292280 3.980328 1.823255 2.182076 1.947744 0.964764 0.926258 0.840270 2.485622 2.525488 1.504143 0.393082 1.389129 3.830243 4.689556 0.772512 0.867464 4.628826 3.979453 4.025769 2.306356 3.204081 3.577681 0.951088 2.146380 1.812851 0.647330 0.993675 4.192968 2.900718 1.559536 1.485248 1.881046 3.382791 3.667323 3.828790 4.347555 4.593582 4.669061 1.833177 2.119070 1.173204 2.226259 3.508199 1.915815 4.280711 0.870911 1.544641 3.260164 4.896681 3.850997 1.464245 3.474362 4.802086 3.610625 0.287212 0.449415 4.604300 4.480180 3.350134 1.163836 0.965428 0.231180 4.546628 4.632751 4.059970 3.894182 4.226334 3.729031 0.727360 1.345404 4.902236 2.953619 4.853602 4.905683 4.869434 4.134314 0.776594 1.414075 2.394477 0.673275 0.265072 3.858722 4.147636 0.067158 2.469347 4.434849 0.516573 2.073647 3.915030 3.866707 3.237483 4.880457 4.097887 2.784111 4.513209 3.157858 1.678293 3.739543 1.886889 2.405653 0.084947 1.789125 0.359272 4.938550 1.694808 0.228706 4.072863 2.471402 1.642781 1.467340 3.144677 1.907854 0.326062 2.292314 1.975012 2.795409 1.727163 2.491585 4.869056 0.642192 1.358293 3.106539 0.522650 0.456180 0.890650 0.035859 3.614038 2.568943 3.775402 0.500927 4.974596 3.860349 2.290052 0.333868 3.798898 3.984860 0.562574 2.871762 1.456263 2.205355 4.339102 4.600940 4.113209 4.665164 1.893253 1.088221 2.460573 3.620416 3.579806 2.329629 4.262609 4.938099 0.436167 4.785258 0.394279 1.326817 4.821117 4.008317 3.895760 3.596519 4.509244 3.870355 2.456868 1.799297 4.204223 1.255766 0.784157 4.766797 4.127528 2.240420 1.972152 3.466630 1.841359 1.085361 3.131794 3.734613 2.173582 0.592367 2.355029 0.753388 2.921996 1.617637 0.691487 3.358163 1.402895 1.085765 4.684980 1.224012 0.094082 3.580740 4.820531 4.603327 2.451095 2.277399 1.402623 1.655318 3.533165 2.186780 1.422115 2.660694 4.427200 3.394267 1.127323 1.268559 4.479628 4.259117 1.653209 4.851484 2.358201 2.406597 2.773479 3.975838 3.098084 1.131643 0.378733 4.183849 0.816623 1.602745 4.277931 4.397363 1.423275 3.881258 1.848457 3.700675 0.283881 3.503776 2.233840 2.470662 4.925890 4.894533 1.897861 3.320157 1.021857 3.166420 2.799785 0.280974 3.169593 4.452994 0.132458 0.527793 1.859591 2.905937 4.503631 4.957675 4.037580 4.882364 4.141524 4.854203 1.485109 3.419455 4.251565 2.908384 2.300713 1.100023 1.609058 2.584594 4.603798 3.842898 0.055256 4.529688 3.737432 1.953117 2.849846 4.759288 0.119538 0.649630 0.040262 3.289131 0.102624 0.172720 3.816924 1.962215 3.078657 3.320555 1.919890 2.116238 3.202919 1.061414 1.970440 4.688028 4.480869 1.222006 2.596412 1.781583 2.322028 4.205471 4.366177 1.925827 3.048369 4.421433 1.455515 1.785800 1.374550 4.305361 1.545088 1.494088 4.954991 1.585351 4.783219 0.057615 1.758070 3.600142 2.019830 4.836728 1.920698 3.939720 1.952965 0.123617 3.923406 4.811645 4.482004 0.145412 2.408056 1.263586 2.467440 1.613527 0.629763 4.393267 4.661895 0.051196 0.848782 1.447696 1.425747 0.154143 2.992784 2.919835 0.109133 4.578135 2.703054 0.166748 1.336205 1.303196 2.186578 1.172933 3.223894 1.126299 3.125898 3.347511 1.127434 2.049304 3.159155 0.609438 2.194716 0.567212 1.873024 4.662156 2.180738 2.502787 4.055423 1.842633 2.553984 4.904205 3.290329 3.979731 0.058347 1.283113 1.899565 0.167481 0.861248 4.602619 0.334229 2.197453 0.905815 2.520807 3.370385 4.129709 3.647106 1.496284 2.477220 4.774540 3.545588 0.636375 0.383977 0.740304 1.203587 2.257001 0.402460 3.384325 4.759789 4.457883 0.226959 2.313772 4.362088 3.517288 1.293503 4.420435 4.800401 3.193069 4.587915 0.661648 2.795687 

1 1 1 1 1 1 1 1 1 1 1 1 1 1 1 1 1 1 1 1 1 1 1 1 1 1 1 1 1 1 1 1 1 1 1 1 1 1 1 1 1 1 1 1 1 1 1 1 1 1 1 1 1 1 1 1 1 1 1 1 1 1 1 1 1 1 1 1 1 1 1 1 1 1 1 1 1 1 1 1 6 1 2 1 1 1 1 1 1 1 1 1 1 1 1 2 1 1 1 1 1 1 1 3 1 1 2 1 1 4 1 1 1 1 1 2 3 2 1 4 4 1 1 1 5 1 3 1 1 1 2 2 1 1 1 1 1 1 1 1 1 1 1 5 3 2 2 2 1 1 2 1 1 3 1 1 1 1 1 1 11 3 3 1 4 1 1 1 1 1 1 1 1 1 1 1 1 1 4 9 1 1 1 2 1 1 1 4 1 1 1 1 1 3 1 1 1 2 1 1 1 1 1 2 1 1 3 2 1 2 2 3 1 1 1 15 1 1 4 2 1 4 1 1 3 1 2 1 1 6 3 2 1 3 1 2 1 1 1 6 1 1 2 2 1 1 2 1 1 1 1 3 1 2 1 1 1 1 2 1 1 1 1 2 1 6 1 1 1 1 1 2 1 1 2 1 1 1 1 2 1 1 1 1 3 2 1 1 1 3 3 2 1 1 1 1 1 2 1 2 2 1 1 1 2 1 3 1 2 1 5 3 1 1 1 1 1 2 2 1 1 1 1 2 1 2 1 1 1 1 1 1 2 2 1 1 1 1 3 3 1 1 1 2 2 1 1 1 1 1 4 1 4 1 3 1 1 1 1 1 3 1 1 1 7 1 5 1 1 1 3 4 3 1 2 1 1 4 2 1 1 1 1 1 1 1 1 2 1 1 1 1 1 2 1 1 1 1 2 1 1 1 1 1 1 1 3 2 7 1 2 1 1 1 1 1 1 5 1 1 1 1 1 1 1 1 6 4 1 1 1 1 3 1 7 1 2 1 1 3 1 1 1 1 1 1 1 1 1 5 1 1 4 1 1 1 6 1 1 1 2 2 7 1 2 6 4 1 1 1 1 1 1 4 4 1 1 1 1 2 1 1 1 1 1 2 3 1 1 1 1 5 1 1 1 3 1 1 1 1 1 2 1 1 2 1 1 1 1 2 2 1 1 1 1 1 1 1 1 1 1 1 1 2 1 3 2 4 1 1 1 1 1 3 2 1 1 1 2 1 1 1 1 2 8 2 1 1 5 1 1 1 1 1 1 1 2 1 2 2 2 3 1 1 2 1 2 1 1 1 1 2 8 1 1 7 1 3 1 1 1 2 1 2 1 1 2 4 1 1 1 1 1 5 1 1 1 1 1 1 1 1 1 2 2 1 2 1 2 2 3 1 1 1 6 1 8 1 1 1 1 1 2 1 2 1 1 2 2 2 3 1 1 1 2 1 1 1 1 3 1 1 1 2 3 1 2 2 1 7 1 1 1 2 1 3 5 1 1 1 2 1 2 1 1 1 1 2 1 4 1 1 1 1 1 1 1 1 1 1 1 1 1 1 5 3 13 4 3 1 1 1 1 1 2 1 3 1 1 1 8 1 1 1 1 3 2 1 3 3 1 4 7 1 1 4 1 1 3 1 1 1 1 2 2 2 1 1 3 2 2 3 2 1 1 3 1 1 1 1 3 4 1 1 1 3 1 1 2 1 1 1 1 3 1 1 1 4 1 4 1 1 1 1 4 1 2 1 1 6 1 2 1 1 2 1 4 1 1 2 1 1 1 2 1 1 1 4 1 1 3 1 1 1 1 1 3 1 2 1 1 4 4 1 1 1 1 4 7 2 1 1 1 1 1 1 1 1 1 1 6 1 1 1 3 1 1 2 3 2 3 1 2 2 1 2 1 3 1 1 1 1 2 4 1 6 1 1 1 1 1 1 1 1 11 1 12 1 1 3 3 3 8 1 1 1 1 1 1 7 1 14 1 1 4 2 1 1 3 2 1 8 1 6 1 1 1 1 1 1 1 1 1 1 1 1 1 4 1 1 1 4 7 1 4 1 2 3 1 1 1 4 2 3 4 4 3 1 1 1 1 1 1 2 1 2 1 1 2 1 1 2 1 1 1 1 1 1 1 1 1 2 1 5 2 1 3 1 1 6 2 1 1 1 1 1 1 1 2 3 2 2 1 1 1 1 1 3 2 5 1 3 1 2 1 1 1 8 6 1 3 1 1 3 1 1 1 2 1 2 3 2 1 1 1 1 1 4 1 1 4 1 4 1 1 4 1 1 4 1 1 2 1 1 2 1 1 3 1 1 2 1 1 1 2 5 1 1 4 4 1 2 1 7 1 2 4 2 1 3 1 1 1 1 6 1 1 13 1 1 1 5 1 1 1 1 1 1 1 1 1 3 1 5 2 1 2 1 1 6 1 1 2 1 1 1 3 2 1 2 1 1 2 1 3 1 1 1 1 1 1 1 1 1 1 1 6 1 1 1 1 1 1 1 4 1 1 2 1 2 1 1 1 1 2 1 4 1 1 1 2 1 1 1 1 2 1 1 1 1 1 4 1 1 1 1 1 4 3 1 1 2 4 1 1 1 1 1 1 1 4 2 1 4 3 2 1 1 1 1 2 1 1 1 1 1 5 1 1 3 1 2 1 6 1 1 1 3 1 1 1 6 1 1 3 1 3 1 4 1 2 2 1 1 1 2 1 6 1 1 3 1 4 1 1 1 1 2 1 1 1 2 1 1 3 3 1 1 2 1 1 3 1 2 1 1 2 1 6 2 2 1 1 1 1 1 1 1 1 1 1 1 3 1 1 2 1 1 3 1 1 6 5 1 2 1 2 1 2 2 1 1 3 1 1 4 1 1 1 1 2 5 1 2 1 1 1 2 1 1 2 1 1 1 1 1 2 4 1 1 2 2 1 1 1 1 1 1 1 1 1 1 1 1 1 1 1 1 5 1 1 2 1 4 1 1 1 1 1 1 1 3 1 1 1 1 1 1 1 1 4 1 2 1 1 1 1 1 1 1 1 2 2 1 2 1 1 1 1 1 1 5 1 1 1 1 1 1 1 1 4 1 1 1 1 2 1 1 2 2 3 3 1 2 1 1 1 3 1 1 1 3 3 1 1 1 2 2 6 1 1 4 4 1 1 1 1 5 1 3 2 3 2 3 1 1 1 1 1 1 1 1 1 1 4 1 2 2 1 2 5 1 1 3 3 1 1 3 1 1 2 2 1 1 2 3 4 2 4 1 1 1 2 2 6 2 1 2 1 3 1 1 1 1 1 1 1 1 1 1 5 3 1 1 1 4 1 1 2 1 1 1 1 1 3 1 1 1 1 1 1 3 3 1 1 1 2 1 3 3 4 2 2 1 1 1 1 1 1 3 1 6 5 1 1 3 1 1 1 1 2 1 1 1 4 1 3 1 5 2 1 3 1 1 1 1 1 1 1 5 6 2 4 4 1 1 2 1 1 7 3 1 1 1 4 1 1 2 5 1 1 1 1 1 3 1 1 1 1 1 1 1 5 1 1 1 1 1 2 3 1 1 1 2 3 1 1 1 3 1 1 5 1 1 1 2 1 1 1 1 1 1 1 3 1 1 1 1 1 1 1 1 1 1 4 1 2 3 1 2 1 1 2 1 6 1 1 1 1 2 1 1 2 1 1 1 2 1 2 1 2 1 1 1 1 1 2 1 1 1 1 2 1 4 1 9 1 2 1 2 1 2 5 1 1 1 1 1 1 1 1 5 2 1 1 1 2 3 1 1 1 1 2 1 1 1 1 2 1 1 1 1 1 1 2 6 1 1 1 2 2 4 2 1 1 3 2 2 2 1 3 6 1 1 1 1 1 1 4 1 1 7 1 3 1 2 1 1 2 3 3 1 1 1 4 1 1 1 1 1 3 1 1 2 1 1 1 1 7 1 2 1 1 1 1 3 2 1 1 1 1 1 1 1 2 1 1 1 1 10 1 1 1 1 1 1 4 1 1 4 2 1 1 1 1 1 1 1 1 1 1 1 1 1 2 1 1 1 1 1 1 1 1 1 1 1 1 5 3 4 3 1 1 1 2 1 1 2 1 2 1 12 1 1 1 1 3 1 1 1 1 1 1 1 1 1 1 1 1 1 1 1 5 1 2 2 1 1 1 10 1 2 9 1 1 1 1 1 2 1 1 1 1 7 1 3 1 2 5 1 1 1 3 1 1 1 2 2 1 1 2 1 1 2 1 1 3 1 1 1 1 3 5 2 3 1 1 1 1 1 4 1 1 2 1 2 1 1 1 1 1 1 1 1 1 1 1 1 1 1 1 4 1 1 1 1 4 1 5 1 3 3 1 1 2 1 1 1 1 3 1 1 1 1 2 1 1 3 1 3 1 1 2 6 1 1 1 1 2 1 1 1 1 3 1 5 1 1 1 1 1 1 2 1 1 1 1 1 1 1 1 1 1 1 1 1 1 1 2 2 1 1 1 1 1 1 1 1 2 1 1 4 1 1 1 1 1 1 1 2 1 1 1 5 2 1 1 3 4 1 1 1 1 4 1 3 1 2 1 3 1 2 2 1 1 1 1 1 1 2 1 1 6 1 6 1 1 1 1 1 1 1 6 1 1 1 3 1 1 1 1 2 3 1 1 4 1 1 1 2 1 1 2 1 3 2 3 1 1 1 1 2 2 1 2 4 1 1 1 3 2 1 1 1 1 4 1 1 1 1 2 1 3 1 1 1 1 2 1 3 1 3 5 1 6 1 4 1 1 3 1 1 1 1 2 1 1 1 1 1 2 4 1 1 1 1 1 1 3 1 1 1 1 1 2 1 1 2 1 1 1 1 1 1 1 1 1 2 1 1 3 1 1 1 1 3 1 1 1 1 1 2 1 1 1 1 4 1 2 1 1 1 1 2 1 1 1 2 1 1 1 3 1 1 2 1 1 1 1 5 2 1 1 1 1 1 1 1 1 4 1 1 1 1 1 1 1 2 1 2 1 1 2 1 1 1 1 1 1 1 1 1 2 1 1 4 2 1 1 1 1 1 3 1 1 1 1 1 1 4 4 1 1 1 1 1 1 1 1 1 1 1 2 2 1 5 1 1 1 2 7 1 1 1 1 4 1 1 4 5 1 1 1 1 1 6 4 2 1 1 1 2 2 1 1 1 1 2 1 1 1 1 3 4 1 1 3 1 1 2 1 1 1 2 3 2 1 2 1 1 1 4 1 7 1 1 1 1 1 1 2 4 1 1 3 1 5 1 1 1 1 2 3 2 1 2 1 1 1 1 1 3 4 1 1 2 5 1 3 1 1 1 2 1 1 1 1 3 1 1 1 1 1 3 3 1 1 1 2 1 1 2 1 1 2 2 3 1 1 2 2 1 2 1 1 1 1 1 1 1 1 1 1 1 5 1 1 1 1 1 1 1 1 1 1 2 1 1 1 1 2 1 2 1 3 4 1 3 1 2 1 1 2 3 1 2 1 4 1 1 1 1 1 1 1 1 1 1 2 1 2 1 4 1 12 2 1 1 1 7 1 10 1 1 3 1 4 1 1 1 1 2 1 4 1 3 1 1 1 1 3 1 2 2 5 2 1 1 1 1 1 3 1 1 1 1 1 7 1 1 1 1 1 1 1 1 1 1 1 4 1 1 1 1 1 1 1 2 2 1 6 1 1 1 2 1 1 3 1 1 1 1 1 2 4 1 1 1 2 1 1 1 1 1 1 1 2 1 1 1 1 1 1 1 1 1 2 1 1 1 5 2 1 1 1 1 1 1 3 1 1 1 1 1 1 1 2 1 1 4 1 1 1 2 7 1 1 2 4 1 4 4 1 1 4 1 1 1 1 1 9 1 1 1 2 3 2 1 1 1 1 1 1 1 1 1 1 4 1 1 4 4 1 1 3 1 1 2 2 1 2 1 1 1 1 1 1 3 1 4 1 1 1 1 3 5 1 1 3 1 1 3 7 2 1 3 1 1 1 1 1 1 1 2 1 8 1 4 3 2 3 1 1 1 1 1 1 1 1 1 1 10 1 1 2 2 1 1 3 1 1 1 10 2 4 1 2 1 1 1 3 1 1 1 4 2 1 1 3 3 2 1 3 4 1 1 1 1 2 1 6 1 2 6 2 1 1 1 2 1 1 1 1 1 2 1 1 1 3 4 7 1 7 3 1 1 1 1 1 1 2 1 1 1 1 1 1 1 2 4 1 6 1 3 1 1 1 1 1 1 1 1 3 1 1 1 1 1 1 1 5 1 1 1 1 7 1 1 1 1 1 1 1 1 1 1 1 2 3 3 1 1 1 1 1 1 1 1 1 1 1 1 1 1 7 1 1 1 3 2 1 4 3 1 1 1 2 1 1 1 1 1 2 1 3 2 1 1 1 1 2 1 1 5 4 1 1 1 1 1 1 1 1 1 1 1 1 1 1 1 1 1 1 1 4 1 4 1 1 1 1 1 1 1 1 1 1 2 1 1 2 1 2 1 1 1 1 1 1 1 3 1 1 4 1 1 1 1 1 1 1 1 1 7 1 2 1 1 1 2 1 1 1 2 1 1 2 1 1 1 1 5 1 1 1 1 1 1 1 1 1 1 1 1 1 2 3 1 4 1 1 1 1 1 1 2 1 1 1 2 1 1 1 1 1 1 4 4 1 2 4 2 2 1 2 1 1 1 3 1 1 1 2 1 1 3 1 3 1 4 1 1 7 1 1 1 1 1 1 4 1 1 2 1 2 1 1 1 1 1 1 1 2 1 2 1 1 1 1 1 1 5 3 1 1 1 1 1 6 1 1 1 4 1 1 1 1 1 1 1 1 1 1 3 2 3 1 3 1 1 1 1 2 2 1 1 2 1 1 3 2 1 1 1 1 5 1 1 3 2 8 1 1 1 1 1 1 2 4 1 1 1 1 1 1 5 1 1 1 1 1 1 2 1 1 1 1 4 2 1 1 2 2 1 1 1 1 1 1 1 1 1 1 4 1 1 1 1 2 1 5 1 1 1 1 3 1 1 1 1 1 1 2 1 1 5 1 1 2 1 2 3 1 3 2 1 1 1 6 3 1 4 1 1 1 1 4 1 3 1 2 1 1 1 3 2 1 1 1 1 1 3 1 1 2 4 3 3 1 3 2 1 2 1 1 1 3 4 1 1 2 1 3 1 1 1 1 4 6 1 1 1 1 3 1 3 1 1 2 1 1 1 1 2 1 1 1 1 1 3 1 1 3 1 1 1 2 1 1 2 2 1 4 1 4 1 1 1 1 2 1 2 1 1 1 2 3 3 1 1 1 1 1 1 1 1 1 1 1 1 1 1 1 1 1 1 1 1 1 2 1 1 1 4 1 1 2 1 5 2 2 1 1 1 1 1 1 1 1 1 2 1 2 1 1 1 1 1 5 1 1 1 1 3 1 1 1 2 1 1 1 1 1 1 1 2 1 3 3 2 1 1 1 2 3 1 1 1 4 1 1 1 1 1 1 1 2 1 3 5 2 1 1 2 2 1 1 1 1 1 1 1 1 1 1 5 2 1 1 1 1 2 2 1 1 2 1 3 1 1 2 5 1 1 2 1 1 1 1 3 1 1 1 2 3 1 1 1 3 3 1 1 1 1 1 1 4 6 1 1 1 1 1 1 1 2 2 3 1 1 2 1 2 5 1 2 1 1 1 1 3 1 2 1 2 1 1 1 1 1 2 1 9 4 1 1 2 1 1 2 1 5 1 1 4 3 3 1 4 1 2 3 3 1 1 1 4 1 1 1 1 1 4 1 1 1 5 1 1 1 1 2 1 1 2 7 1 1 3 1 1 2 2 2 1 1 1 1 1 1 1 1 1 1 1 1 2 1 1 1 1 3 1 1 1 3 1 1 1 1 1 1 1 1 1 8 1 2 1 1 5 1 1 1 1 1 5 1 1 1 1 2 1 1 1 4 1 1 1 4 1 2 1 3 1 5 3 1 2 3 1 1 1 1 1 1 1 1 1 7 2 3 2 1 1 1 1 2 1 1 1 2 5 1 1 1 1 1 1 3 1 3 1 1 1 1 1 1 2 2 1 1 1 1 2 1 1 3 2 1 1 1 1 1 1 2 1 2 1 1 1 1 1 1 1 1 1 3 1 3 1 6 1 1 1 1 3 1 1 2 1 1 3 2 1 4 1 1 1 1 1 2 2 1 1 5 2 1 2 1 1 1 6 2 1 1 1 1 1 2 1 1 4 6 1 1 3 1 1 1 2 1 2 1 1 4 1 6 1 1 6 1 2 5 2 1 1 4 2 2 2 3 1 2 3 1 5 2 1 1 1 1 2 1 3 1 1 1 1 1 1 1 1 1 1 1 9 4 2 1 3 1 1 1 1 1 1 1 1 1 1 1 1 3 1 1 1 1 1 1 1 1 1 2 1 1 1 1 1 4 1 1 1 1 2 2 1 1 1 1 1 1 1 8 1 4 1 1 5 1 1 1 1 1 5 1 3 1 1 1 1 1 1 1 2 2 1 2 3 1 3 1 1 1 1 1 1 1 1 2 1 1 2 2 1 1 1 1 2 1 1 2 1 1 1 1 1 2 1 1 1 1 2 1 1 1 2 1 4 1 1 1 1 1 5 2 1 1 1 1 2 2 1 1 1 1 1 1 4 1 1 1 1 1 2 1 1 1 1 1 1 2 2 3 4 2 1 1 1 2 3 3 1 1 1 2 1 2 1 1 2 1 1 1 1 1 2 1 3 1 1 1 3 7 1 2 1 5 1 2 2 1 2 1 1 2 1 1 1 1 1 1 3 1 1 4 1 1 1 1 1 2 4 1 2 1 2 1 1 1 1 1 1 1 1 1 3 1 2 1 1 1 3 1 1 1 1 1 1 2 1 1 1 1 5 3 1 2 2 2 1 1 1 1 1 1 1 1 3 1 1 1 1 1 1 2 1 1 1 1 1 2 1 1 1 1 1 4 1 1 1 3 1 1 4 1 3 1 4 2 2 1 1 5 1 1 1 1 2 1 1 7 1 4 1 1 1 1 1 2 1 4 1 2 1 1 1 1 1 3 1 3 1 2 3 1 1 1 1 1 2 1 9 2 1 4 1 2 1 1 1 1 3 9 2 1 1 1 6 1 1 1 1 2 1 5 1 1 6 1 1 1 4 1 1 1 1 2 1 1 1 1 1 1 1 1 1 1 1 1 1 2 3 2 1 1 2 2 1 2 

2 2 0 0 0 0 1 2 0 0 1 2 1 2 1 0 0 1 2 0 2 2 2 2 1 2 0 2 2 1 0 0 1 1 0 1 1 1 2 2 2 0 0 1 1 1 2 1 0 2 0 2 2 0 2 0 2 0 2 1 1 1 2 0 2 2 2 2 2 2 2 2 1 2 1 2 1 0 1 1 0 2 1 0 2 0 0 1 1 0 1 0 2 0 1 0 0 1 2 0 1 2 2 2 2 1 2 0 2 1 0 2 1 1 2 1 2 0 2 1 2 1 1 2 2 1 2 0 0 2 0 1 2 0 1 1 1 0 2 1 2 2 1 2 2 2 0 1 2 0 0 2 2 2 2 1 0 1 2 0 2 2 2 1 2 1 2 2 2 2 1 2 2 0 2 1 2 2 0 0 2 1 2 1 0 2 0 2 2 2 2 1 2 2 2 0 1 2 2 1 1 1 1 1 1 0 2 1 2 0 1 2 1 1 2 2 1 0 2 0 0 2 1 0 2 1 0 0 0 0 2 1 1 0 0 1 0 0 2 0 1 1 0 0 2 0 0 1 0 2 1 1 2 0 2 2 1 0 0 1 1 0 1 0 0 2 1 2 0 1 2 2 2 0 0 0 0 0 1 1 1 1 0 0 1 2 0 0 1 0 2 2 0 1 0 2 0 0 1 2 1 1 1 2 2 1 2 2 0 0 1 1 1 2 2 1 2 2 2 0 2 1 0 1 1 1 0 2 1 1 1 0 0 0 2 2 1 1 0 1 0 2 0 2 2 2 1 2 1 0 0 2 0 1 0 1 0 1 0 2 0 2 2 0 2 2 0 1 1 0 1 2 2 1 2 2 1 0 2 0 2 0 2 2 1 0 0 2 1 1 2 1 0 2 2 0 2 2 0 1 0 1 1 0 0 1 0 2 2 0 0 1 1 0 0 0 1 1 0 0 0 2 2 1 2 2 0 2 2 0 1 2 2 0 0 2 1 2 0 1 2 0 0 1 1 1 2 0 0 0 1 1 0 1 2 0 1 2 0 0 0 1 0 2 1 0 0 0 0 0 2 0 1 0 1 2 1 1 1 2 1 0 1 2 2 2 0 0 1 0 0 0 0 0 2 2 1 0 0 2 1 0 0 2 0 2 0 2 1 1 0 2 2 1 2 1 0 0 1 0 2 1 0 2 2 0 1 0 1 2 0 0 2 1 0 0 1 1 1 2 0 1 2 2 2 0 0 1 1 2 2 0 1 2 2 0 0 2 1 2 2 0 0 0 1 0 0 2 1 1 2 1 0 0 1 1 1 2 2 2 1 1 0 2 1 0 2 1 2 1 1 0 1 2 0 0 0 1 0 2 1 0 0 1 1 2 0 2 1 2 2 2 1 2 1 0 1 1 2 1 2 1 1 2 1 2 2 1 1 2 0 0 0 1 1 2 0 2 2 1 2 2 1 2 2 0 2 0 2 2 2 2 1 1 1 2 1 1 0 0 2 0 0 0 2 2 0 2 2 2 1 0 2 0 2 0 0 2 1 0 2 0 0 1 0 1 1 1 1 2 2 0 1 2 0 0 1 1 0 1 1 2 1 1 0 1 1 1 0 0 2 0 1 2 2 2 1 0 1 0 0 0 0 1 2 2 2 2 0 2 1 2 2 2 1 2 1 0 1 2 1 1 0 1 0 0 0 2 1 2 0 1 2 1 0 0 0 2 2 1 2 0 0 1 0 2 2 1 1 0 0 2 2 1 0 2 1 2 2 2 1 0 1 0 0 2 1 0 1 0 2 1 0 1 0 0 1 2 2 2 0 0 0 2 2 0 2 1 2 0 1 1 0 2 0 1 1 1 2 0 2 2 1 2 0 0 1 0 2 0 2 1 1 2 0 1 1 1 0 1 1 1 0 2 1 1 1 0 2 1 2 2 0 1 0 2 1 1 2 2 2 2 0 1 2 1 0 1 2 0 2 1 2 0 2 1 2 1 2 0 0 1 2 0 2 2 0 2 1 0 1 2 0 1 0 0 0 1 1 1 1 1 2 0 0 2 0 2 0 2 2 0 1 0 2 1 2 0 0 2 1 2 1 2 1 2 2 2 0 1 0 2 2 0 0 0 0 0 0 1 0 0 0 1 0 0 1 1 0 2 1 2 2 2 1 0 1 1 0 2 2 0 1 0 1 2 1 2 0 2 1 1 0 2 1 1 2 2 2 1 2 1 0 1 0 0 0 2 2 0 2 0 2 1 0 1 1 2 0 2 2 2 0 0 2 1 1 1 1 2 2 1 0 1 0 2 2 0 1 1 2 1 1 1 0 2 2 1 2 0 0 1 2 2 2 1 0 0 0 0 0 0 1 1 2 1 0 1 0 2 1 2 1 0 1 2 0 0 1 0 1 0 2 0 2 1 2 0 1 0 0 2 1 1 1 1 1 2 0 1 1 2 0 1 0 1 0 1 2 1 1 0 1 1 0 1 2 0 2 1 0 0 1 0 0 0 1 1 2 2 2 1 2 0 0 2 2 0 0 1 2 2 2 2 0 2 0 0 1 2 2 2 1 1 2 1 1 0 2 1 0 2 0 0 2 0 2 1 1 0 0 0 0 2 2 1 2 1 1 0 0 0 0 2 2 2 0 2 1 0 1 2 2 1 2 1 2 1 0 1 2 0 2 2 2 2 0 2 0 2 0 1 2 0 2 0 1 2 2 2 0 0 1 2 2 1 2 2 0 0 0 2 1 2 2 1 2 0 1 0 2 2 0 2 0 2 2 1 2 1 1 2 2 2 0 1 1 2 0 1 2 1 1 1 2 0 1 2 0 2 0 0 2 1 0 0 1 0 1 0 0 0 0 2 0 0 2 0 0 2 1 0 2 0 0 1 1 1 0 0 1 1 0 1 2 1 2 1 2 1 2 2 2 2 1 1 0 0 1 1 1 0 2 1 1 2 0 0 1 0 1 1 0 1 0 0 0 2 2 0 0 1 2 1 1 1 2 2 0 1 0 1 1 0 0 0 0 0 1 2 0 0 0 1 1 0 2 2 2 1 2 1 0 2 0 1 1 2 0 1 0 1 0 2 1 0 0 2 0 2 2 1 2 2 1 1 0 0 1 0 2 2 2 2 1 2 0 0 1 1 1 2 2 2 0 0 0 0 1 0 0 0 0 2 0 1 1 0 2 1 2 1 0 1 0 2 1 0 1 0 2 0 0 1 0 1 2 0 1 0 2 2 1 0 2 2 2 1 0 1 2 2 0 0 1 0 1 0 1 2 0 0 2 1 2 0 2 1 1 1 0 1 0 1 2 0 1 1 2 2 0 1 1 0 0 0 1 1 0 2 0 1 0 0 2 2 1 2 1 0 1 2 2 2 2 1 0 0 2 0 2 0 2 2 0 2 2 1 0 0 1 1 1 2 0 1 1 1 1 0 2 2 0 1 0 2 2 1 2 2 1 0 2 0 2 0 1 1 2 2 1 0 1 0 2 1 0 1 0 1 1 0 2 2 1 2 1 1 0 2 1 2 2 1 2 2 1 1 0 1 1 0 1 2 1 1 1 1 0 2 0 1 2 2 2 1 1 0 0 2 0 2 1 0 1 1 2 2 0 0 1 1 1 2 1 2 1 0 1 1 2 2 0 2 1 2 1 0 1 2 2 1 2 1 2 0 2 2 0 2 0 1 1 1 0 2 2 2 0 1 0 2 0 0 2 2 0 1 2 1 0 2 0 2 1 0 0 0 0 0 1 0 1 2 0 2 0 2 1 0 0 1 1 0 0 1 0 0 1 0 2 1 2 0 2 1 1 0 1 2 1 0 2 2 1 2 2 2 2 0 0 2 0 1 0 0 1 0 1 2 0 0 1 0 0 1 1 2 2 1 1 0 2 2 0 0 1 2 2 2 1 1 1 1 0 0 2 1 1 0 1 0 1 0 0 2 2 0 2 1 2 0 2 1 0 0 0 2 0 0 2 1 1 0 0 2 1 2 0 0 0 2 0 1 0 1 1 2 2 1 2 1 1 1 1 2 1 1 2 2 1 2 1 0 0 2 2 2 2 0 2 1 0 0 2 1 1 1 1 1 2 0 0 2 2 1 2 2 2 2 1 2 1 0 2 1 0 2 0 0 0 0 1 1 1 1 2 1 0 1 0 0 2 0 2 2 2 1 1 2 0 0 1 1 0 1 0 1 0 1 2 1 2 1 0 0 2 0 1 0 2 1 1 1 0 1 1 0 0 0 2 0 0 2 0 2 1 0 0 2 1 0 1 1 1 2 0 1 2 2 2 2 1 1 2 2 2 0 2 0 1 2 1 2 1 2 1 0 2 2 0 1 2 2 1 0 2 1 2 2 0 2 2 2 1 1 2 1 1 1 2 0 1 1 0 0 0 2 1 0 2 2 2 1 2 0 0 1 2 0 1 1 2 1 1 1 2 1 2 1 2 1 2 1 2 0 0 0 0 2 0 2 0 0 2 2 1 2 2 1 2 1 2 2 2 0 0 1 1 0 0 2 2 0 1 2 1 2 0 2 2 1 2 2 1 1 2 0 1 1 2 1 2 1 0 2 2 1 1 1 2 2 1 2 2 0 2 1 0 0 1 0 2 0 0 1 2 0 2 0 2 1 0 2 0 0 0 0 0 1 2 0 0 0 2 1 1 2 0 2 0 1 0 0 1 0 1 1 2 1 2 1 0 2 1 1 0 1 1 1 0 0 1 1 1 1 0 0 1 0 0 2 1 0 2 0 2 0 1 1 2 1 0 1 1 2 2 0 2 1 1 0 2 1 1 1 2 0 1 1 0 2 0 2 1 2 0 1 1 2 0 1 2 0 0 1 0 2 1 2 1 1 2 0 0 2 2 2 2 1 1 0 1 2 2 2 0 0 0 2 1 0 0 0 1 1 2 2 1 1 2 1 0 0 2 0 2 2 0 2 1 2 2 2 2 0 0 2 0 0 2 2 2 2 2 0 1 2 0 1 1 0 2 2 0 1 0 0 0 0 0 2 1 0 2 0 0 2 0 2 0 2 1 2 2 2 0 2 2 1 0 0 1 2 0 2 0 0 0 2 1 0 1 2 1 1 0 2 1 1 1 2 1 1 2 1 0 0 0 2 2 0 0 1 0 1 2 1 2 2 1 0 1 1 1 0 2 1 2 2 1 2 1 2 0 1 1 1 2 1 1 1 2 2 0 0 0 2 2 2 0 1 0 1 2 1 1 2 1 1 1 2 0 0 2 1 2 1 2 1 0 0 0 1 2 1 2 0 1 1 2 1 0 1 0 0 2 2 2 1 1 1 1 1 2 1 0 2 0 0 1 1 2 2 2 2 1 2 0 2 1 0 2 2 1 2 0 2 0 0 1 1 0 0 0 2 2 1 2 0 2 1 1 1 1 2 0 2 2 1 2 1 0 2 2 1 0 0 1 0 0 0 1 1 1 1 2 1 1 1 1 0 0 0 2 1 0 0 0 2 2 1 2 2 0 1 1 0 1 1 1 2 2 2 1 1 2 0 2 0 2 1 1 0 2 0 1 0 1 0 2 0 1 1 0 1 0 0 0 1 2 1 2 1 2 0 2 2 1 2 2 0 1 1 0 0 2 0 0 0 0 1 1 1 0 2 0 1 0 0 0 2 0 2 0 2 0 0 1 2 0 1 1 1 0 1 2 2 2 2 2 2 0 1 0 2 1 2 0 1 0 1 2 0 2 0 0 2 1 2 0 2 1 1 1 1 0 0 0 0 0 1 2 2 2 1 1 1 0 2 0 0 0 2 2 2 0 0 0 1 1 0 1 0 1 0 2 1 1 0 2 1 1 2 1 2 0 0 0 1 0 1 2 1 1 2 1 2 0 2 0 2 2 2 2 1 0 1 1 1 0 0 1 2 0 2 1 0 1 0 2 1 1 2 0 0 1 0 2 2 2 0 1 0 1 1 1 1 0 0 0 1 2 1 1 2 1 0 1 2 0 0 2 2 0 2 2 0 2 2 2 0 2 2 0 0 0 2 2 1 0 0 0 2 1 1 2 0 2 0 0 0 2 0 0 2 0 0 0 0 2 1 0 1 0 1 0 1 0 0 2 0 0 0 0 1 2 0 2 2 1 0 2 0 0 0 1 1 0 1 2 2 2 2 1 0 0 1 1 1 1 2 2 1 2 0 0 2 1 1 1 0 1 1 1 2 1 0 0 1 2 2 1 2 2 2 0 0 1 2 1 0 1 1 0 1 0 1 1 1 2 2 2 1 1 1 0 2 1 1 1 1 1 0 2 0 2 0 1 1 0 2 2 2 2 0 1 2 1 2 0 2 2 1 0 0 2 1 0 1 2 2 1 0 2 1 1 2 2 2 1 2 2 1 1 1 1 0 1 0 2 0 2 2 1 2 0 1 0 0 0 0 0 2 0 0 0 2 0 2 1 1 2 1 0 1 0 1 2 0 2 2 1 2 0 2 2 0 1 1 2 1 1 2 2 0 1 2 2 1 0 2 0 0 1 0 1 1 2 1 2 1 1 0 1 1 0 1 2 1 2 1 1 0 2 0 1 0 0 2 1 0 1 2 0 2 0 0 1 0 1 1 2 0 1 1 2 0 2 2 1 2 0 0 0 2 0 2 2 1 1 1 2 2 1 1 2 1 1 0 1 0 1 1 1 1 0 0 1 0 2 0 2 0 1 2 0 1 2 1 0 0 2 1 0 1 2 2 0 1 0 0 1 2 2 0 0 2 1 2 2 1 0 1 1 1 1 0 0 1 1 2 2 0 1 1 2 1 1 1 0 2 1 1 2 1 2 0 0 1 0 0 2 1 2 2 0 0 2 0 2 0 0 2 1 2 1 2 0 2 0 0 2 2 0 2 0 0 2 1 1 0 1 1 1 0 0 2 1 0 1 1 0 1 1 0 2 2 2 2 1 0 0 1 2 1 0 0 1 0 2 0 1 0 1 1 1 0 0 0 0 1 1 2 1 0 2 0 2 2 0 1 2 1 0 2 2 1 0 0 2 2 0 0 0 0 2 2 0 0 2 1 2 2 0 1 2 0 2 0 2 0 2 2 1 2 2 1 0 2 2 2 2 0 1 2 1 0 2 1 1 2 2 2 2 1 0 2 1 0 2 2 0 1 1 2 1 2 0 1 2 0 2 2 1 0 2 2 1 2 1 0 2 1 2 1 2 0 0 1 1 0 0 1 1 2 2 0 1 2 2 1 0 2 1 2 0 0 2 1 2 0 2 2 0 2 0 2 0 2 0 1 2 1 1 1 2 0 0 0 0 0 2 2 2 0 1 2 2 2 0 2 0 0 2 0 2 0 0 0 2 1 0 2 1 1 2 0 2 2 1 0 2 2 2 1 2 2 0 2 1 1 2 2 2 2 0 0 2 1 0 2 0 0 2 1 2 1 2 2 0 2 0 2 1 2 1 1 2 2 1 0 2 1 1 1 0 1 2 2 0 0 2 0 1 2 0 2 0 2 1 2 1 1 1 2 2 1 2 1 0 0 0 0 1 1 2 2 0 1 1 0 2 2 0 2 1 0 1 1 1 2 0 2 2 0 0 1 2 2 0 2 0 0 1 2 2 0 1 2 2 0 2 0 2 1 2 0 1 0 0 2 0 0 0 0 1 1 2 0 1 0 1 1 1 2 1 1 0 2 0 0 2 1 0 0 2 2 0 1 0 0 1 2 2 2 2 1 1 2 2 2 0 1 1 1 1 2 2 1 1 1 2 1 0 0 1 2 0 2 0 2 0 2 1 0 1 1 2 2 1 2 2 2 1 0 1 2 2 1 1 1 2 0 0 0 1 1 2 2 1 0 2 0 0 0 0 0 2 0 2 2 0 0 1 1 0 2 1 0 1 2 2 1 1 2 0 0 2 2 0 0 0 2 1 1 2 0 1 0 0 1 2 1 1 0 2 0 1 2 1 0 1 0 2 0 0 2 1 0 2 1 1 0 1 0 1 1 0 0 1 0 0 1 2 2 2 0 2 1 2 1 1 1 2 0 2 0 0 1 0 0 0 1 0 2 1 0 1 2 1 0 1 1 2 0 1 2 0 1 0 0 0 2 2 0 2 2 0 0 0 0 1 0 2 0 1 2 1 2 1 2 0 2 2 0 1 1 2 2 2 0 0 0 2 0 0 0 2 0 1 0 1 0 1 1 1 2 0 2 1 2 1 0 0 0 0 1 2 0 1 2 1 2 0 2 2 1 2 2 2 1 2 2 2 1 0 0 0 1 2 0 1 2 0 1 0 0 0 0 1 2 0 1 2 0 0 2 2 0 1 0 1 2 2 2 0 0 2 1 1 0 2 2 0 2 2 0 1 2 1 0 2 1 1 2 0 2 2 0 2 0 0 2 0 2 2 0 2 1 0 1 2 2 2 2 0 1 1 2 1 2 0 1 1 2 0 2 2 2 2 0 0 0 0 1 0 2 2 0 0 2 2 1 2 1 0 0 0 1 2 2 2 2 0 0 2 1 0 2 1 2 0 1 0 0 0 1 2 0 2 0 0 1 1 2 1 0 0 1 2 2 1 1 0 1 2 2 0 2 2 1 0 0 0 0 0 1 1 0 1 0 1 2 0 0 2 1 1 1 0 2 0 2 0 1 1 1 2 2 1 1 0 1 0 1 0 0 0 1 2 2 0 0 2 0 1 0 2 1 1 2 0 2 1 1 1 0 2 0 2 2 2 0 0 2 2 1 0 0 1 2 2 1 0 0 2 2 0 1 0 1 1 0 0 1 2 1 1 2 2 1 1 2 2 0 1 1 1 2 2 2 2 0 1 2 0 1 0 0 0 0 2 2 2 2 0 2 2 2 2 1 1 1 1 0 2 0 0 0 2 2 1 2 0 0 2 0 2 2 1 2 1 0 2 1 1 0 1 1 2 0 2 0 2 2 2 2 2 2 1 2 2 2 2 0 0 2 0 0 2 0 1 1 0 0 2 1 1 1 2 1 0 0 0 2 2 2 2 2 2 0 1 1 0 1 1 1 1 0 2 0 0 0 2 1 1 2 0 2 1 0 2 1 1 2 1 1 1 1 0 0 2 0 2 2 2 1 1 0 2 1 1 2 1 0 1 2 1 1 0 2 0 2 1 2 2 2 1 1 1 2 2 1 0 1 1 2 0 0 0 2 2 2 2 0 0 1 0 1 0 1 1 1 0 2 1 2 0 2 

