3.920182 
0.413020 
3.873489 
2.349699 
1.387987 
0.364913 
0.414924 
4.517673 
2.977540 
0.607934 
4.991193 
1.315076 
2.937515 
4.085109 
0.605439 
4.452109 
4.628778 
1.497169 
0.228280 
4.074454 
1.242170 
2.104312 
3.337574 
0.131518 
4.956523 
2.393057 
3.130523 
3.968931 
3.544537 
2.464083 
0.914346 
2.464719 
2.877102 
4.787836 
4.814418 
4.265090 
0.152749 
0.229342 
3.782762 
3.130289 
0.837277 
3.773955 
4.445365 
3.774791 
2.859064 
0.050804 
3.226900 
2.487843 
1.547973 
3.455180 
1.562297 
2.790143 
0.559492 
4.899871 
2.921661 
0.516015 
2.292928 
1.052184 
4.484947 
0.837465 
3.516267 
0.399293 
3.302184 
1.393369 
0.187129 
3.116602 
0.658459 
0.339878 
3.345945 
4.441221 
3.470167 
4.183221 
3.215176 
2.915532 
2.958012 
1.074241 
2.966335 
1.184912 
3.562084 
4.514308 
4.640092 
0.124380 
2.304452 
0.199584 
0.024252 
0.224362 
0.713565 
2.307180 
1.278296 
0.200546 
3.154645 
4.794563 
0.595035 
1.436829 
1.187932 
0.786969 
4.573431 
1.846391 
1.126847 
2.919376 
1.287612 
4.597013 
2.102598 
4.502789 
2.512545 
0.060610 
0.577029 
0.478881 
1.245522 
4.139113 
4.993189 
0.885615 
4.263494 
2.287641 
1.075199 
4.287745 
2.523753 
1.800799 
1.604925 
3.802049 
2.001345 
4.759569 
3.596612 
2.601185 
1.216398 
4.784545 
3.388153 
0.789830 
1.630936 
4.515000 
3.709206 
2.918549 
4.112013 
0.811804 
2.421337 
1.624559 
0.872414 
2.998367 
2.103440 
2.117936 
2.137480 
2.096629 
3.003551 
1.400974 
4.394269 
4.098750 
0.688719 
1.918023 
0.889549 
2.313643 
0.720073 
2.890894 
2.053213 
4.316685 
0.492079 
3.269611 
4.101230 
3.880232 
4.059441 
0.742166 
3.395232 
2.768647 
3.650715 
2.507246 
3.580451 
1.072052 
4.131804 
4.452865 
4.070419 
1.235244 
1.570802 
1.207899 
3.331872 
4.574353 
-2.608873 
-2.726142 
-3.663104 
-3.297591 
-4.644166 
-4.552653 
-0.585211 
-0.357917 
-2.443547 
-2.644447 
-4.680923 
-2.935626 
-0.914058 
-3.782153 
-1.815858 
-4.973498 
-4.514319 
-0.211090 
-2.742146 
-3.165034 
-2.718336 
-1.322597 
-4.237086 
-1.850140 
-0.775462 
-3.307505 
-3.085383 
-2.346263 
-4.515404 
-1.423577 
-1.920617 
-2.124277 
-4.143399 
-0.583720 
-0.421868 
-3.787564 
-0.136373 
-1.013102 
-4.151802 
-2.579920 
-3.657549 
-3.832725 
-0.515546 
-4.571607 
-2.614878 
-2.331404 
-4.545105 
-2.129197 
-2.542494 
-2.277251 
-0.304231 
-0.260830 
-3.609848 
-4.531317 
-2.110969 
-4.385310 
-2.838822 
-0.196353 
-1.731573 
-2.354226 
-1.613609 
-3.652190 
-4.478503 
-0.757008 
-4.235909 
-4.900371 
-4.544572 
-4.372283 
-0.913473 
-3.696374 
-1.952202 
-4.571022 
-2.519099 
-2.467748 
-4.142629 
-0.143977 
-4.799152 
-3.687734 
-2.273175 
-2.341646 
-0.974985 
-2.567406 
-2.602475 
-4.584833 
2.098723 
4.713445 
3.970142 
4.937545 
4.909798 
0.701715 
2.291771 
1.523407 
4.353904 
1.770274 
2.280415 
3.589814 
1.670645 
1.824986 
2.962097 
2.584118 
0.521360 
4.914299 
2.155140 
3.050459 
2.382047 
1.297768 
3.194437 
2.181199 
4.995502 
0.477611 
4.522845 
0.960487 
3.035017 
2.125320 
0.545319 
0.133740 
1.838765 
4.515461 
0.071285 
1.748563 
0.217176 
2.363056 
3.271969 
4.571081 
4.133330 
0.552384 
3.160894 
0.803975 
2.377370 
1.122991 
3.388093 
2.898730 
1.037290 
0.543233 
0.949189 
3.429337 
1.841001 
4.143625 
0.600536 
1.826503 
4.611237 
0.123381 
2.786990 
2.646253 
2.248702 
3.332310 
2.779993 
4.087466 
2.847771 
2.851278 
0.836029 
3.064947 
0.214334 
4.107998 
2.636027 
4.347664 
4.660382 
0.796922 
0.151639 
2.037752 
1.919913 
3.539732 
4.936482 
2.957204 
4.082965 
0.885672 
1.376541 
0.923966 
0.029297 
1.977078 
2.750469 
4.640533 
2.100459 
0.537459 
2.286787 
4.349160 
3.869769 
0.066780 
3.436626 
1.717540 
2.918057 
4.272655 
4.782487 
3.132391 
3.380654 
2.418514 
2.470055 
3.031036 
3.215436 
2.631694 
0.078788 
0.135350 
1.171426 
0.015271 
3.092554 
0.254391 
0.900942 
4.469095 
1.178357 
0.930239 
1.446172 
3.928826 
0.570773 
3.546631 
4.466285 
2.857560 
2.895791 
3.336054 
2.934340 
1.332418 
0.053594 
0.842396 
0.605073 
4.836081 
3.974787 
3.985727 
2.254595 
1.454842 
2.026763 
0.470031 
4.086536 
2.105552 
0.605381 
0.257962 
2.120822 
3.697935 
0.512353 
3.021765 
3.167029 
1.690710 
3.952004 
4.613202 
0.619536 
4.522777 
3.159833 
0.085821 
2.380337 
1.055624 
3.421875 
0.304676 
2.388041 
3.475470 
1.147072 
2.993115 
3.311551 
0.121859 
1.968842 
0.566146 
1.576701 
4.005606 
1.036177 
0.663237 
1.111158 
1.641558 
0.921199 
3.231980 
0.339493 
1.433552 
1.253744 
3.506522 
3.124262 
0.205748 
-3.119724 
-3.743798 
-4.728525 
-1.279557 
-3.829619 
-2.108861 
-2.335181 
-2.251494 
-2.413537 
-4.723222 
-0.726964 
-3.560609 
-2.716337 
-4.038515 
-3.682468 
-4.695180 
-4.604660 
-0.259170 
-3.710786 
-0.630837 
-0.904675 
-4.821943 
-2.207479 
-1.843605 
-3.043923 
-2.621889 
-3.277157 
-4.297667 
-1.128411 
-1.401419 
-4.503415 
-4.248135 
-0.141911 
-4.251939 
-0.507692 
-3.974835 
-1.340800 
-2.862872 
-1.226330 
-3.754337 
-2.586094 
-1.953294 
-2.314946 
-0.302432 
-0.991808 
-0.997415 
-4.997611 
-0.596468 
-1.256584 
-3.698397 
-1.237306 
-2.178991 
-3.352012 
-3.519701 
-4.022596 
-1.554263 
-1.141590 
-2.299753 
-0.851929 
-2.270000 
-3.701172 
-0.355344 
-1.518136 
-3.846388 
-4.587284 
-1.983515 
-2.713418 
-0.910190 
-4.618659 
-4.037553 
-4.416347 
-2.504794 
-0.990847 
-2.007367 
-2.797225 
-1.992655 
-2.994781 
-2.794837 
-2.589123 
-4.251366 
-1.493233 
-3.826429 
-1.430356 
2.314548 
0.442952 
1.540638 
3.467719 
2.772706 
2.389765 
0.759556 
1.463877 
2.765109 
2.275855 
0.300266 
2.352392 
4.311682 
3.131489 
3.290476 
4.240382 
2.159043 
2.952897 
1.735175 
3.179889 
4.940262 
4.216368 
0.142545 
2.955045 
2.317237 
2.751668 
2.216411 
3.800470 
1.578097 
3.646767 
3.824043 
3.934227 
4.089720 
0.371878 
2.411946 
1.842425 
2.781643 
3.169665 
3.296303 
0.546751 
0.445521 
3.596568 
2.896531 
4.587613 
1.705721 
1.179619 
3.997585 
3.887100 
4.142516 
0.722760 
2.056989 
4.102779 
0.245161 
2.219534 
2.067824 
2.552398 
4.961202 
4.264235 
1.372868 
1.549299 
2.901002 
0.186911 
0.463525 
1.980721 
0.568789 
2.895470 
3.823146 
3.330432 
1.065136 
2.105398 
3.887184 
1.500656 
0.726026 
1.786327 
1.267859 
2.444075 
2.965946 
0.265444 
1.331175 
2.108462 
0.988204 
3.388164 
1.211241 
1.233365 
-0.607699 
-3.269064 
-3.795763 
-0.578900 
-2.533299 
-0.168631 
-2.128199 
-0.434301 
-0.355542 
-2.601724 
-2.425022 
-0.914332 
-0.487194 
-1.258168 
-4.254764 
-1.542330 
-3.387618 
-3.141947 
-3.042986 
-4.113635 
-4.928274 
-4.310845 
-1.557710 
-2.894220 
-4.576289 
-2.888885 
-0.564493 
-1.277049 
-1.213922 
-1.797858 
-1.884748 
-4.462986 
-0.573621 
-2.463648 
-2.016286 
-0.762252 
-4.591847 
-2.450587 
-1.117794 
-2.193571 
-4.875608 
-2.032125 
-2.680765 
-1.133777 
-1.286889 
-4.223095 
-4.521395 
-4.428836 
-2.266081 
-3.635030 
-4.357111 
-1.576926 
-0.192739 
-2.251331 
-1.153215 
-3.081624 
-2.254013 
-1.717708 
-4.358673 
-3.467935 
-3.515566 
-1.243420 
-2.950922 
-4.109187 
-3.707068 
-4.967207 
-4.871439 
-3.298914 
-2.417794 
-0.989233 
-0.492485 
-2.293403 
-3.021358 
-3.173250 
-3.427180 
-4.308248 
-2.396345 
-2.948575 
-3.737084 
-4.662426 
-1.583604 
-3.094194 
-1.239352 
-1.776343 
-0.345525 
-2.392567 
-4.857966 
-2.599538 
-4.110275 
-4.216639 
-1.067472 
-2.625842 
-0.460059 
-4.018394 
-1.735029 
-4.167127 
-3.985601 
-1.606468 
2.466041 
1.403395 
2.595701 
2.958526 
3.696798 
0.627059 
1.130285 
2.113978 
4.731973 
3.518121 
0.082552 
3.652391 
3.200547 
1.666156 
1.746586 
4.439899 
3.349003 
2.078943 
1.812467 
3.300466 
4.711649 
0.922742 
2.507105 
0.769121 
3.553097 
2.967164 
4.787516 
0.293604 
2.134290 
3.773117 
1.900081 
4.600331 
0.166512 
4.338619 
2.518968 
3.873310 
0.112841 
3.690634 
0.997287 
0.038149 
2.218755 
1.069839 
3.700540 
0.409298 
2.725996 
0.457124 
4.839202 
1.158495 
2.569237 
1.651669 
4.458961 
2.232378 
2.584411 
1.966066 
3.040007 
1.162995 
4.933229 
2.766313 
1.456608 
2.067519 
1.590639 
3.346689 
1.657851 
1.767150 
2.832471 
4.206708 
0.650460 
2.897527 
2.897342 
1.637747 
2.993461 
0.126097 
2.661352 
1.704001 
0.525399 
0.433582 
2.141127 
0.374601 
1.592076 
4.710363 
-2.036270 
-1.041037 
-1.971249 
-4.630681 
-2.997102 
-0.783676 
-2.920332 
-2.818777 
-2.230285 
-4.977851 
-4.409416 
-0.576974 
-1.635702 
-1.176566 
-3.399446 
-0.821254 
-1.817026 
-1.374758 
-3.759752 
-3.454773 
-4.368219 
-3.885849 
-1.162360 
-1.062221 
-4.421248 
-1.595941 
-3.213347 
-4.795849 
-3.188018 
-2.923711 
-1.832119 
-4.229054 
-4.894959 
-1.462800 
-2.226157 
-4.896214 
-2.246476 
-0.146489 
-2.714992 
-4.476760 
-0.124340 
-2.124408 
-0.053734 
-1.760042 
-3.300974 
-3.473180 
-2.612452 
-0.118001 
-4.847938 
-1.372204 
-3.572774 
-4.216157 
-0.258053 
-4.735134 
-0.278378 
-4.679300 
-1.331075 
-3.491725 
-4.475150 
-4.519093 
-1.415436 
-1.307268 
-3.748147 
-1.310395 
-2.770068 
-0.974304 
-1.206610 
-0.016544 
-1.120793 
-3.921602 
-4.493304 
-1.245134 
-1.046010 
-4.547038 
-3.005176 
4.346985 
3.020218 
0.617628 
-4.464985 
-2.868156 
-1.989832 
-3.037759 
-2.084313 
-2.237885 
-2.772893 
-2.362691 
-1.927186 
-4.103968 
-0.854417 
-1.402335 
-3.623061 
-2.269853 
-2.709604 
-2.371208 
-3.580248 
-0.489671 
-3.355512 
-4.796858 
-0.496215 
-4.466305 
-3.708460 
-4.989519 
-0.711439 
-4.754470 
-4.536557 
-3.716615 
-4.101454 
-2.556775 
-4.334243 
-3.566440 
-0.424931 
-1.324075 
-1.604199 
-2.509244 
-3.571960 
-4.377092 
-4.871935 
-0.499146 
-3.481061 
-0.726352 
-1.901481 
-2.104121 
-2.996205 
-4.611085 
-4.475329 
-1.576453 
-0.090756 
-2.820842 
-1.373311 
-0.586971 
-2.287147 
-0.071770 
-0.576490 
-2.998586 
-4.826240 
-0.113047 
-1.715201 
-3.927695 
-2.669822 
-1.049444 
-2.494135 
-3.094752 
-2.383519 
-4.088334 
-0.603997 
-0.945480 
-3.475426 
-0.475932 
-1.444626 
-1.956487 
-1.202285 
3.346107 
4.060608 
4.198490 
2.957192 
3.535938 
0.774943 
3.047948 
1.356779 
2.138253 
3.634920 
3.643926 
2.210024 
4.211410 
1.642513 
2.036264 
4.324456 
3.357713 
0.963959 
2.014107 
4.407157 
3.458093 
0.089030 
1.780677 
2.556427 
0.693027 
2.726157 
1.031854 
1.168959 
4.170783 
2.988341 
2.371244 
2.516890 
2.048949 
1.569734 
0.474082 
0.584887 
2.344676 
3.522030 
1.941666 
4.482930 
2.207693 
0.605592 
1.692954 
1.368359 
2.228105 
3.729218 
0.692815 
0.585818 
4.693177 
2.687092 
4.992976 
3.151270 
2.776122 
1.773653 
0.707698 
3.469149 
4.499810 
1.739551 
4.638108 
3.670593 
4.727892 
2.009352 
1.187482 
1.776841 
3.579085 
1.661564 
2.361727 
0.923762 
0.183595 
4.303393 
0.406692 
2.340544 
4.888986 
2.099645 
3.708903 
2.117090 
0.828863 
4.401718 
2.702909 
0.522040 
2.088810 
2.695885 
3.673311 
4.864933 
4.469538 
4.381009 
3.334081 
3.969347 
1.120560 
2.972190 
2.639940 
0.848452 
4.981542 
3.827423 
2.625293 
3.560627 
0.488987 
4.987020 
4.484389 
0.672582 
4.583660 
4.891080 
3.013126 
4.179399 
1.990726 
1.722028 
1.296490 
2.819589 
1.123746 
3.999399 
3.419878 
3.283635 
1.707070 
2.024940 
3.141422 
1.166741 
1.405949 
1.411570 
0.134169 
2.516509 
4.383760 
2.774109 
3.364961 
4.365302 
1.601531 
0.990254 
2.925929 
2.090518 
0.977274 
2.410317 
2.763100 
0.267688 
2.301398 
0.776225 
4.447088 
4.292124 
2.498254 
0.743578 
2.111713 
3.622000 
4.742976 
0.453343 
1.834556 
1.438260 
2.468283 
4.922044 
2.613081 
3.854232 
1.313614 
2.727249 
1.380741 
0.707374 
0.511358 
4.745702 
0.072675 
2.112890 
0.735956 
2.998604 
4.203408 
1.713230 
0.408921 
1.966508 
1.980918 
2.710319 
2.742733 
1.428006 
2.002443 
0.240987 
2.171584 
4.114156 
3.862987 
1.914561 
4.567498 
0.697542 
3.362821 
2.056867 
0.607206 
0.955480 
0.899113 
1.951241 
3.703151 
2.309965 
2.683895 
4.214509 
2.016456 
2.713249 
1.317398 
2.762411 
0.711853 
0.520806 
4.475641 
1.130774 
2.487314 
1.456559 
3.831093 
0.230046 
2.884566 
0.833536 
0.471033 
0.056150 
4.947691 
4.334020 
1.970710 
4.515190 
0.031562 
0.323531 
1.550971 
0.641148 
1.279432 
2.450984 
2.574348 
4.972583 
4.731738 
0.214923 
4.177092 
1.758194 
2.928172 
0.494490 
4.520605 
3.640025 
1.015295 
3.996246 
4.760799 
3.502609 
0.442805 
3.591892 
3.732655 
3.337371 
4.425428 
4.203688 
3.393521 
4.373120 
3.537708 
0.364231 
3.888309 
3.569270 
0.687762 
0.439281 
4.210418 
1.967194 
2.890265 
1.784766 
1.939776 
2.622003 
1.999689 
1.116868 
4.380197 
4.937861 
1.611357 
3.900802 
3.567886 
2.626653 
2.897048 
3.328686 
1.129261 
3.349853 
1.920578 
4.861917 
1.687224 
1.346006 
4.065605 
0.080745 
0.719126 
2.603313 
0.444976 
4.607435 
1.172583 
1.132738 
0.046716 
0.383001 
3.099931 
2.936981 
2.167767 
0.039707 
0.558984 
4.299459 
1.156575 
4.939180 
4.095317 
2.767932 
3.839982 
2.663203 
0.394585 
1.737029 
0.991889 
1.523847 
0.086882 
2.912467 
1.385763 
1.787840 
4.258474 
0.451368 
1.854851 
4.977600 
3.054681 
2.299827 
4.585035 
4.227263 
3.432565 
4.631752 
4.610264 
1.532496 
2.568732 
1.778031 
1.572203 
3.127716 
0.945487 
2.728778 
3.066896 
0.040805 
0.496711 
1.906878 
2.704008 
0.891296 
3.643908 
3.695898 
2.415143 
3.730790 
1.608365 
3.800906 
0.504896 
0.866839 
4.252274 
2.359748 
0.844439 
2.306955 
4.659575 
0.419475 
1.534219 
3.092139 
0.051226 
1.134483 
4.614635 
2.629959 
2.922514 
1.196838 
0.757675 
3.868002 
3.925617 
3.824571 
3.908806 
4.412328 
0.731449 
1.612815 
0.313624 
4.365357 
0.298712 
2.738766 
3.096146 
1.927077 
1.539672 
3.516757 
2.734253 
0.771946 
0.960791 
3.638356 
3.098901 
0.620365 
4.057831 
4.623120 
3.722505 
4.109923 
0.767603 
3.347140 
1.735916 
3.680118 
4.533978 
2.506690 
2.518260 
3.479595 
1.321261 
1.460077 
2.891923 
2.062710 
3.079741 
3.205547 
1.438066 
3.383843 
0.934318 
4.544213 
0.305530 
2.427913 
3.165256 
3.024895 
3.245932 
4.126046 
1.717802 
1.334834 
4.750091 
0.769312 
0.951633 
3.485237 
4.767974 
1.725557 
1.826056 
1.643705 
0.425674 
1.364964 
4.140395 
2.963794 
4.653806 
0.476664 
4.440719 
2.731552 
2.544366 
2.520460 
0.937099 
3.982433 
0.909740 
1.861412 
3.516646 
1.224442 
4.190795 
1.691901 
4.293889 
2.571330 
0.817948 
1.031692 
3.906163 
0.564359 
1.797324 
4.874117 
4.034403 
1.682014 
1.609674 
0.879332 
3.345719 
1.994885 
2.249366 
2.496115 
5.169127 
2.088995 
2.977771 
4.439861 
4.800548 
0.522138 
1.940320 
0.757647 
4.337505 
2.859233 
2.619059 
2.960151 
4.083675 
1.964458 
4.693117 
3.387564 
4.375412 
0.521065 
4.249714 
3.461951 
1.065424 
1.186580 
3.336068 
0.128699 
2.878594 
4.732370 
0.978031 
1.234314 
1.951090 
3.217397 
3.609860 
1.912275 
0.308517 
1.666818 
1.355193 
0.116940 
2.180338 
3.300411 
0.865758 
1.673368 
1.159644 
3.397126 
4.716124 
0.233319 
0.428104 
4.419242 
3.610883 
4.983892 
4.902882 
3.017027 
3.420911 
1.005730 
4.081080 
1.741911 
1.113155 
2.115314 
1.667652 
2.079282 
3.252060 
3.608742 
0.339858 
2.030057 
0.548973 
0.636250 
3.718257 
1.909064 
0.753190 
0.908595 
0.219476 
1.617778 
2.593503 
1.389120 
0.101424 
2.299627 
1.632439 
0.539529 
1.708869 
0.253323 
0.513420 
1.629175 
3.273462 
3.939263 
2.624906 
2.490182 
0.691174 
3.759336 
4.595495 
2.368826 
0.841796 
2.925123 
0.987568 
1.171654 
4.965180 
1.546541 
1.797904 
3.683436 
3.445605 
2.561094 
4.592031 
3.665081 
4.178872 
2.185534 
0.054201 
4.280296 
4.485161 
1.686641 
4.819825 
1.194030 
1.939964 
0.333245 
2.823205 
0.211747 
4.282508 
0.438111 
2.713607 
4.953682 
4.197447 
2.299103 
2.332508 
0.029243 
0.224226 
3.320076 
1.200897 
0.189406 
4.856617 
3.008801 
3.872842 
3.302222 
0.569896 
3.464873 
1.967304 
4.748768 
0.650407 
2.021505 
4.029064 
0.135569 
3.708145 
3.848889 
1.329599 
0.648109 
4.182134 
4.152804 
0.861535 
3.454643 
4.600915 
3.565142 
3.418325 
3.788363 
0.864245 
0.750833 
3.817606 
1.088471 
4.070910 
0.018504 
1.277877 
3.927526 
3.027305 
0.150719 
2.229749 
3.597201 
3.615592 
4.197052 
3.345968 
4.275999 
1.228557 
2.385033 
4.391568 
4.926702 
1.223922 
0.731167 
0.574811 
0.406056 
4.883971 
1.436346 
3.860699 
4.484887 
2.279024 
3.273249 
0.865733 
3.029856 
2.090856 
1.954204 
2.100766 
2.109359 
3.232081 
1.028292 
0.136664 
3.382800 
3.258041 
3.733865 
1.998392 
2.455093 
2.079834 
1.264392 
3.673650 
4.454866 
0.665960 
3.600352 
0.678788 
1.397126 
4.175164 
1.084844 
1.281098 
0.611510 
4.945542 
0.765984 
0.612998 
2.224566 
4.039234 
1.478731 
0.254423 
1.130089 
3.432935 
2.355188 
3.239448 
1.665015 
3.383480 
3.376112 
0.047815 
1.641521 
2.109977 
2.046207 
4.096614 
4.189811 
3.310598 
2.770264 
3.644677 
3.976558 
1.370617 
4.323465 
0.373685 
0.545780 
0.408309 
1.654782 
1.157290 
0.353851 
2.420766 
1.770288 
2.578417 
1.460000 
3.249018 
2.832840 
2.590089 
1.671953 
0.188028 
0.829537 
3.346969 
3.571508 
4.205650 
3.394783 
0.213030 
1.315627 
0.440991 
4.309644 
0.505438 
3.741589 
2.069908 
4.140115 
2.718147 
3.450525 
3.473580 
3.101832 
3.996306 
3.881889 
4.756614 
0.153596 
4.235740 
2.177381 
1.923884 
1.814157 
3.637380 
0.172902 
4.646997 
1.227470 
1.854855 
4.835025 
2.057007 
0.201824 
3.406533 
1.262657 
3.596607 
3.619563 
2.578284 
4.037598 
2.929207 
3.083722 
2.789187 
0.009115 
2.233837 
0.517334 
3.459640 
0.707417 
3.619166 
2.455946 
4.589306 
3.375780 
2.609541 
3.825046 
0.553160 
4.533425 
0.639203 
4.190541 
4.706327 
0.296200 
0.415577 
1.569943 
0.120159 
2.511524 
1.763006 
3.527758 
3.737674 
0.359614 
2.147320 
1.315958 
4.397212 
0.076527 
4.399680 
2.186399 
0.085642 
1.633517 
2.683733 
3.545282 
2.340934 
1.322899 
1.001228 
1.930240 
4.872468 
3.620770 
0.755286 
0.251839 
3.144195 
1.394489 
4.442380 
2.850522 
1.680689 
4.860390 
4.411704 
1.801913 
2.335407 
1.174711 
0.329671 
1.073081 
1.534324 
2.476991 
2.389039 
0.931536 
2.553518 
1.788718 
3.117935 
2.639160 
3.422235 
0.821668 
1.184442 
0.763169 
2.144567 
2.185670 
2.693409 
1.843245 
0.796439 
3.448695 
2.095084 
4.056514 
4.853184 
1.537464 
1.791155 
1.523873 
1.397854 
1.202860 
3.325787 
3.835302 
2.387570 
3.645457 
4.796343 
4.025805 
1.132449 
2.195381 
4.843431 
3.675967 
4.102988 
2.951365 
1.335127 
2.396334 
3.773033 
2.519569 
3.169503 
0.927600 
4.695239 
0.862912 
2.770845 
0.491678 
4.331606 
4.845929 
4.432312 
4.154791 
1.403394 
1.223468 
0.678664 
2.801248 
2.426327 
4.004450 
1.534510 
4.803897 
2.659908 
1.340852 
3.715792 
3.792357 
3.536234 
3.559222 
2.478324 
2.520333 
1.520587 
3.803451 
4.926667 
0.303620 
1.313020 
3.096170 
1.231220 
1.008259 
3.959082 
4.002065 
1.499937 
3.270688 
3.867994 
0.932249 
2.425479 
0.271387 
2.155717 
3.104143 
3.072636 
4.582044 
2.108594 
4.607145 
4.385942 
4.768502 
0.947997 
3.101733 
3.560859 
4.484231 
1.660956 
1.039182 
2.004564 
3.181543 
4.842633 
1.931231 
3.485163 
1.155653 
0.027401 
4.716383 
2.163911 
3.986483 
3.718448 
3.663848 
2.257171 
2.586442 
4.596097 
5.042265 
2.857830 
1.751814 
2.786794 
0.930465 
1.333858 
4.895388 
0.537610 
0.719799 
4.663890 
1.485607 
3.821533 
3.224748 
0.969838 
0.479991 
4.263931 
2.974402 
3.664031 
4.106564 
4.905633 
2.149194 
0.262216 
4.933035 
1.865578 
2.426127 
3.919518 
0.584026 
1.089975 
1.176689 
3.170468 
0.686072 
0.859340 
1.028297 
2.437886 
3.646134 
1.958762 
3.771744 
3.541522 
2.496372 
4.491543 
3.205411 
3.981979 
3.313076 
1.430160 
4.951818 
3.795564 
0.694090 
2.926220 
2.459595 
4.800654 
2.831854 
4.608789 
0.062870 
2.764888 
1.474367 
2.488997 
1.684406 
2.058393 
3.578972 
2.851095 
0.228861 
4.265044 
3.720435 
1.257159 
1.702930 
2.366569 
3.215921 
0.474674 
0.908091 
0.710244 
4.966218 
4.133503 
4.714273 
3.259294 
0.563663 
4.666091 
2.094857 
1.217753 
2.552310 
4.226591 
1.058407 
0.424164 
4.163242 
1.099060 
3.189053 
0.622328 
3.409940 
4.873458 
2.588235 
2.119359 
2.623509 
2.796828 
1.454291 
1.414989 
4.142023 
3.117221 
3.781558 
2.357943 
3.601895 
4.689650 
2.964354 
3.399211 
3.614343 
2.687375 
1.825985 
4.083925 
2.450599 
3.912264 
0.609344 
3.486716 
1.622087 
0.411906 
2.629958 
2.650644 
3.397459 
3.087646 
1.354526 
3.409585 
0.905307 
3.333513 
1.124139 
3.788434 
4.958064 
2.599128 
2.856252 
3.095284 
1.400687 
0.328400 
1.707179 
1.110336 
3.275783 
0.269198 
4.545515 
1.203145 
2.142698 
4.260303 
3.465845 
1.053808 
4.864872 
3.636655 
4.215754 
1.527848 
4.063730 
2.131636 
4.272100 
2.639856 
0.359204 
0.606626 
1.069442 
1.262775 
4.110398 
2.213581 
0.071209 
4.048460 
4.792709 
3.041667 
2.123743 
1.173396 
3.390066 
3.810922 
2.321964 
1.828703 
4.076213 
2.177221 
3.051848 
1.198911 
1.457526 
1.705593 
2.253872 
1.342399 
0.362249 
1.775550 
2.870246 
4.425978 
3.907186 
2.142346 
2.065835 
4.266390 
2.748972 
3.135276 
0.529165 
1.859370 
0.348857 
0.600374 
0.907830 
0.141566 
3.642040 
3.031573 
1.314962 
2.032107 
1.842495 
3.578694 
3.860810 
0.918708 
0.755915 
1.912658 
2.117619 
2.213440 
3.618251 
4.371491 
3.555839 
3.980500 
1.147042 
1.426085 
3.406478 
0.054227 
3.568432 
0.472313 
4.320617 
1.317404 
3.607589 
5.036488 
3.245925 
3.946446 
0.450155 
4.084604 
4.098011 
4.092196 
2.116177 
0.412973 
1.124302 
3.958672 
3.991667 
4.985112 
4.877380 
4.747581 
1.897770 
1.995000 
1.961022 
0.516022 
1.366492 
0.516861 
4.496521 
2.513533 
1.942947 
2.903000 
2.567761 
0.511379 
3.375312 
1.888378 
1.828783 
1.982901 
1.738159 
0.005557 
0.939347 
2.188315 
4.090161 
0.047358 
1.290511 
1.216338 
0.460332 
2.414813 
0.165010 
4.441998 
2.389925 
0.042391 
4.189580 
4.287695 
2.037391 
1.150602 
4.803717 
3.403883 
1.667463 
4.300238 
0.917416 
3.610410 
2.203238 
3.505176 
4.141789 
0.598551 
0.353554 
0.950571 
2.561452 
2.111713 
0.956128 
3.500798 
4.310028 
0.046289 
3.538157 
0.580538 
1.252627 
3.988489 
2.985351 
1.417637 
3.430487 
0.375276 
1.460028 
2.620067 
4.662971 
3.497418 
3.770669 
4.466688 
1.901301 
0.438132 
3.766926 
2.818716 
4.048542 
0.970164 
1.303892 
3.170331 
1.548715 
1.677446 
4.120902 
4.110167 
3.789159 
0.077030 
2.610965 
3.089187 
0.123319 
1.139122 
3.659726 
1.385946 
0.137611 
1.655077 
2.793583 
3.568098 
2.030353 
4.253611 
1.188165 
1.693325 
2.751029 
4.958834 
1.160013 
4.652330 
0.396967 
4.926939 
2.461046 
4.445509 
0.897103 
3.774939 
2.615839 
2.445818 
0.452385 
1.736741 
1.555985 
4.241544 
1.813771 
4.166950 
2.330731 
1.937090 
0.316072 
1.000457 
3.323036 
0.443683 
2.665534 
1.116619 
4.021781 
4.685887 
0.360230 
0.209945 
1.379212 
3.111259 
0.168780 
2.539224 
2.763589 
0.565746 
2.466163 
0.234635 
0.011255 
3.363266 
4.009574 
2.627094 
0.809085 
4.461959 
4.363835 
2.365070 
3.703503 
1.177606 
1.532020 
1.034235 
3.114696 
1.848093 
2.034691 
1.427732 
2.301776 
4.690225 
2.534351 
1.323556 
4.376112 
2.894580 
1.533502 
0.755324 
1.005839 
1.702281 
3.294548 
3.769428 
2.268028 
0.758891 
4.004063 
2.279282 
4.123978 
3.013637 
4.906377 
4.933063 
2.475596 
4.270211 
2.298133 
1.179099 
0.447818 
3.830153 
2.213334 
3.562513 
0.678246 
4.248025 
4.990245 
2.980022 
3.938250 
2.524596 
4.303578 
3.314362 
0.419176 
0.837080 
4.069685 
1.425015 
2.539361 
2.364233 
0.194444 
4.807389 
3.191348 
4.198507 
2.086671 
2.248922 
2.212144 
1.993048 
2.181985 
4.687740 
1.263260 
4.480118 
0.866839 
1.711077 
3.310271 
3.080173 
0.273591 
3.988517 
2.328198 
0.263836 
1.968539 
1.266448 
2.788431 
1.272117 
4.580810 
3.207608 
2.109197 
3.650496 
4.632623 
4.648559 
1.014729 
4.827066 
4.455947 
4.139674 
4.025574 
1.542619 
1.388596 
1.237718 
3.535666 
3.570581 
0.925459 
4.798926 
3.050698 
1.792298 
1.510003 
1.360969 
4.872471 
1.783594 
0.349487 
2.200669 
2.047429 
2.318025 
3.467117 
4.835861 
3.590142 
3.047927 
3.043468 
0.699339 
1.698423 
2.676091 
0.347898 
2.713153 
2.503158 
4.803845 
1.852827 
1.528732 
1.346464 
3.241422 
2.766450 
4.882130 
1.812003 
3.691909 
4.681056 
4.862701 
0.484207 
1.191060 
1.223671 
0.356678 
2.974653 
1.573158 
2.557347 
0.022083 
3.891183 
1.024464 
4.857943 
2.481325 
4.072392 
2.901411 
3.200665 
0.770814 
0.577502 
3.528563 
3.483967 
3.080660 
3.332407 
0.336794 
4.609392 
4.678871 
3.578216 
-2.375842 
-4.561002 
-0.390220 
-1.077750 
-4.242058 
-0.252921 
-1.551957 
-0.433118 
-1.476592 
-1.908635 
-3.407771 
-3.049750 
-4.465982 
-3.429854 
-1.940933 
-0.490446 
-3.287797 
-4.422258 
-4.562838 
-1.189208 
-2.602923 
-0.333652 
-1.766710 
-1.107368 
-3.817619 
-4.847371 
-4.463892 
-4.154413 
-4.456762 
-4.142764 
-2.732629 
-1.832604 
-3.703765 
-3.122849 
-2.900355 
-2.945823 
-3.375770 
-4.452312 
-3.398941 
-4.852362 
-1.360947 
-1.786712 
-2.902112 
-0.826929 
-0.216566 
-4.843045 
-1.317375 
-3.504362 
-4.265303 
-0.890213 
-4.703571 
-1.858226 
-1.186992 
-1.460281 
-2.999711 
-0.031484 
-1.307651 
-2.463603 
-4.185896 
-0.764414 
-1.606367 
-1.918525 
2.597018 
0.310133 
0.041374 
0.497373 
3.255956 
3.417144 
4.949685 
1.634897 
3.269506 
1.310632 
3.421609 
1.171617 
2.137562 
3.638175 
1.014662 
3.454937 
2.142537 
0.279965 
4.335150 
1.836107 
2.148190 
0.549015 
3.296388 
0.147901 
0.580499 
4.604040 
2.611505 
4.766395 
0.368453 
4.217872 
1.684920 
2.965472 
4.528005 
1.726294 
3.462844 
2.783960 
0.143438 
3.412529 
4.418858 
3.412943 
4.723162 
2.840467 
4.584560 
1.860723 
1.478642 
0.599222 
0.315661 
3.621179 
0.879187 
4.650811 
0.457286 
3.027377 
0.199825 
3.753675 
3.165279 
0.770324 
3.278549 
0.776783 
0.549197 
3.736168 
2.231639 
1.701639 
4.542660 
3.840860 
0.164484 
2.306620 
3.974172 
3.557014 
1.745478 
2.504314 
3.214824 
4.565944 
2.108875 
0.152180 
1.064586 
2.652281 
0.456560 
4.665765 
3.567284 
0.127370 
0.134204 
1.614661 
0.317196 
3.886726 
4.779939 
1.097519 
2.216509 
0.556723 
1.644238 
0.960607 
0.561378 
3.764411 
2.672246 
0.114037 
2.843811 
2.806730 
2.410657 
1.925182 
1.373744 
4.024962 
4.439496 
4.502203 
3.732079 
1.548370 
4.824818 
4.786665 
4.246467 
0.291377 
4.307921 
2.813751 
0.411164 
4.430251 
4.418411 
0.735943 
3.492206 
4.198351 
1.823462 
0.726646 
4.955336 
3.467700 
1.697253 
0.346451 
2.343578 
4.359499 
0.450488 
0.177388 
2.176230 
2.871145 
2.112570 
3.559973 
2.027280 
1.562066 
3.233892 
0.759359 
3.110436 
3.058710 
0.546024 
2.356903 
3.350087 
0.008454 
0.180654 
3.758835 
4.603935 
4.609066 
4.494778 
3.086141 
3.817416 
1.308240 
3.812787 
3.592490 
4.775940 
0.510040 
3.938941 
2.119518 
4.869540 
4.389429 
2.296906 
2.045769 
2.260573 
4.409476 
0.605743 
4.287854 
0.971543 
3.839635 
0.047213 
4.081979 
1.898345 
0.593237 
1.438882 
0.248433 
0.601691 
1.619537 
4.007267 
0.205626 
1.228602 
3.492045 
3.291768 
0.046018 
4.800285 
2.094555 
3.638508 
4.576225 
2.614595 
2.577448 
1.695743 
2.484135 
1.966877 
3.992650 
4.529904 
4.227450 
3.402126 
0.135647 
3.515304 
4.373669 
3.975282 
3.562517 
3.455648 
0.873628 
4.155754 
4.894530 
1.122060 
4.757445 
1.514067 
0.129327 
4.963071 
2.742669 
3.621372 
3.254839 
2.788688 
3.421657 
0.359393 
1.417196 
2.987882 
2.963988 
4.004644 
4.693625 
0.458123 
0.971521 
3.686275 
4.988027 
0.198971 
2.098401 
0.122590 
3.714274 
1.462070 
4.098956 
2.276791 
4.917718 
4.972584 
1.432545 
4.812249 
1.094644 
1.189990 
1.346316 
1.243971 
1.153061 
4.068985 
4.845344 
4.407900 
1.857673 
3.267001 
4.767293 
3.284868 
1.264883 
2.741282 
2.289512 
0.958508 
3.199404 
3.261033 
4.644783 
3.187431 
3.460003 
1.733185 
3.311105 
2.174278 
3.195255 
2.410062 
4.451069 
3.112973 
2.382645 
0.883614 
2.925222 
3.477289 
2.073603 
4.251538 
4.701261 
3.226664 
3.320523 
4.546604 
2.634564 
0.178195 
2.813605 
2.401857 
3.463063 
4.078488 
0.143139 
0.752576 
0.036996 
3.342543 
4.013609 
4.681779 
1.529974 
2.473612 
1.414964 
4.841079 
4.647890 
4.610219 
2.251141 
4.098959 
2.723192 
4.633786 
4.982573 
0.648414 
3.111076 
2.056176 
4.899951 
2.812336 
0.282840 
3.220474 
2.358940 
2.917404 
3.398669 
0.172545 
0.319261 
1.861733 
4.251032 
0.462399 
2.614309 
4.288029 
3.804942 
1.627917 
3.969808 
0.334916 
4.101530 
0.384772 
0.175996 
3.749420 
4.994991 
2.427137 
2.848379 
2.718184 
2.060923 
2.830952 
3.366597 
0.171999 
4.887128 
3.266548 
2.984335 
0.169968 
1.487022 
0.343275 
3.087372 
4.885692 
0.515820 
3.406633 
1.747424 
4.766853 
3.869032 
4.361733 
4.054881 
2.673974 
0.989651 
3.024690 
3.008891 
0.091180 
3.409462 
3.184886 
3.840600 
3.486311 
0.609648 
1.678980 
1.112637 
2.662947 
4.529932 
4.499233 
2.834946 
4.407060 
2.755782 
0.829281 
4.577028 
4.242804 
1.172556 
2.664400 
4.128495 
1.688376 
1.061033 
0.874833 
1.461854 
5.134708 
0.227653 
0.507611 
2.614040 
1.227304 
3.534800 
0.622931 
1.318484 
1.944262 
3.787817 
0.179085 
0.348715 
4.419841 
1.848064 
1.481351 
2.092788 
1.367996 
0.960585 
4.937733 
0.775056 
3.716367 
0.767014 
0.352085 
2.959171 
1.939570 
3.016485 
2.087666 
3.627946 
4.087519 
2.963586 
0.083175 
4.027584 
3.201239 
0.593286 
1.641624 
4.428543 
4.128086 
2.264555 
0.747027 
1.072347 
1.072372 
0.906112 
1.421062 
0.492213 
2.754176 
2.892414 
2.585001 
4.122172 
3.852998 
2.522733 
4.897229 
2.569365 
3.289747 
0.249314 
0.528536 
0.229318 
3.265799 
2.616202 
3.857264 
2.353317 
0.579788 
3.940439 
1.380902 
3.781028 
4.533725 
3.022526 
3.209571 
3.661811 
0.287081 
3.936598 
5.103004 
1.359454 
4.862710 
1.155221 
1.851667 
2.616886 
4.047635 
4.589140 
1.749058 
2.900633 
1.959401 
1.636287 
0.469998 
0.249148 
1.885601 
0.998534 
0.478466 
0.151400 
3.614736 
4.335730 
2.504717 
4.194525 
3.276170 
3.885619 
2.975552 
2.809895 
1.908145 
1.185123 
1.471706 
2.195227 
0.141721 
1.205865 
3.554680 
2.361086 
0.406347 
2.621317 
1.408721 
4.843014 
4.360375 
4.309354 
1.802415 
0.996662 
4.779352 
2.051564 
2.882263 
0.777886 
2.530030 
3.033662 
4.392622 
1.865760 
0.538380 
3.587147 
0.141930 
4.423999 
1.562699 
2.951825 
1.332144 
2.747822 
4.413532 
3.517370 
2.944142 
0.639396 
2.092051 
2.903974 
2.990483 
2.488398 
0.515291 
4.399203 
2.331412 
4.875666 
3.708557 
4.133827 
0.872328 
3.487909 
1.187589 
3.734591 
4.265795 
3.715421 
1.788254 
3.658417 
0.581181 
2.326633 
2.245564 
0.723110 
1.750632 
3.808263 
3.674935 
3.082776 
1.556085 
3.098467 
1.610146 
4.445628 
3.727863 
3.692197 
2.339602 
1.718346 
1.190594 
2.864892 
1.127549 
3.512006 
2.730558 
4.826107 
2.645833 
3.602886 
3.314016 
3.831224 
2.357477 
2.579811 
2.546644 
4.145731 
1.238228 
3.127825 
1.472364 
3.483792 
3.850935 
3.222996 
2.292055 
2.525871 
1.305772 
3.848140 
0.624338 
2.915918 
3.293768 
4.352201 
1.608115 
0.633370 
1.070547 
2.788709 
3.488262 
2.188096 
1.300716 
1.218820 
2.014203 
3.946549 
4.821707 
0.328219 
2.777773 
2.179184 
2.908030 
0.324417 
1.324915 
4.146258 
3.452243 
2.797279 
2.630050 
2.303178 
1.020275 
4.922106 
4.829049 
2.326046 
3.770246 
0.453387 
0.241964 
2.064014 
4.988469 
1.850080 
2.697385 
0.876135 
4.638789 
1.185647 
3.064231 
0.939505 
2.404467 
0.078434 
4.886054 
2.226174 
0.406653 
2.663827 
4.405358 
3.314683 
2.988244 
0.730273 
2.460941 
1.440487 
3.527551 
0.090992 
3.743665 
4.547826 
0.013098 
3.572714 
1.873872 
3.783344 
4.026100 
2.115837 
0.857359 
3.841688 
4.083542 
3.544743 
4.707822 
3.604705 
4.730390 
2.772053 
4.544210 
2.134857 
2.850487 
4.430264 
4.361032 
3.257141 
2.094090 
3.766389 
1.571823 
0.082335 
4.496662 
4.032764 
1.522822 
3.024213 
4.123756 
0.266487 
2.572039 
4.136854 
3.839200 
4.445911 
2.920198 
2.865301 
1.561748 
3.767557 
1.696989 
0.527664 
2.312300 
1.414811 
4.261810 
2.032690 
4.309558 
3.666579 
4.167547 
2.017352 
3.116843 
3.538579 
0.284492 
0.220933 
2.304968 
1.856316 
0.283268 
1.801629 
0.889080 
1.806090 
4.825842 
0.012836 
2.072577 
2.397881 
4.149690 
0.911777 
1.843792 
2.069888 
3.777078 
3.405540 
0.837445 
-0.474066 
-3.933203 
-3.149744 
-1.878877 
-3.065572 
-0.192434 
-1.055742 
-1.742151 
-4.369981 
-3.083094 
-4.848994 
-2.908559 
-3.367586 
-0.049927 
-0.213527 
-0.223902 
-0.333195 
-2.015157 
-1.112982 
-2.139285 
-1.840999 
-1.125818 
-4.211862 
-4.248880 
-0.285508 
-0.133639 
-1.092672 
-2.345396 
-3.900716 
-4.488211 
-3.182840 
-4.374783 
-3.421414 
-1.332585 
-1.253660 
-1.486986 
-1.505019 
-2.289402 
-2.966007 
-0.895000 
-0.392496 
-3.078131 
-3.803560 
-3.760082 
-3.128058 
-4.017087 
-3.983984 
-3.461253 
-1.032243 
-0.096965 
-0.600538 
-2.873242 
-1.222783 
-4.812400 
-2.112122 
-1.498291 
-4.936039 
-3.194793 
-3.843686 
-3.836756 
-2.683005 
-2.036526 
-3.211538 
-1.104419 
-3.359111 
-4.465199 
-2.591405 
-4.884130 
-1.774601 
-0.820543 
-0.779130 
-2.167096 
-3.898674 
-4.582689 
-0.927179 
-2.026732 
-3.599776 
-4.911162 
-0.480724 
-4.371143 
-0.008046 
-1.088524 
-2.505261 
-1.230911 
-0.900924 
-4.627383 
-2.627424 
-0.821588 
-2.812176 
-1.572887 
-4.653718 
-0.495181 
-3.599414 
-2.885257 
-1.599600 
-1.958525 
-2.350455 
-4.191006 
-1.842655 
-4.125055 
-0.011549 
-2.621784 
-1.262534 
-3.910223 
-2.204473 
-2.219330 
-0.936955 
-0.804249 
-2.130493 
-1.424941 
-0.436268 
-2.138620 
-2.513464 
-2.941529 
-3.369530 
-3.414389 
-2.558912 
-1.098732 
4.251352 
0.371088 
2.671619 
3.925070 
0.866269 
1.271033 
1.810327 
2.455869 
3.229558 
4.160782 
1.656874 
0.072212 
3.285837 
1.668423 
2.693997 
4.577989 
0.578646 
4.898470 
1.797319 
1.515601 
0.702720 
3.927812 
2.940542 
1.138988 
1.066432 
0.454006 
4.080517 
4.435963 
3.868395 
1.639428 
0.534694 
3.119746 
2.010516 
3.206313 
2.044816 
2.876785 
4.477346 
3.855143 
0.342654 
2.706904 
3.015925 
1.999528 
2.789117 
1.301762 
3.667951 
0.473113 
0.879751 
4.246597 
0.371584 
2.677071 
0.762198 
1.074303 
1.604882 
3.702740 
2.213291 
2.671314 
4.156746 
1.293808 
2.107277 
3.025141 
2.923236 
2.641971 
1.144887 
4.943752 
0.848285 
3.189704 
2.820537 
0.325631 
2.044847 
3.163191 
-3.032535 
-0.060772 
-0.162719 
-0.811651 
-1.362534 
-3.830671 
-1.255411 
-2.242285 
-3.077268 
-1.656349 
-4.919355 
-3.839466 
-2.730652 
-1.524237 
-2.542206 
-4.943943 
-4.195552 
-1.698953 
-1.237750 
-1.302829 
-4.724093 
-4.170986 
-3.944800 
-0.868981 
-4.114738 
-4.793085 
-4.058685 
-1.935276 
-0.118716 
-1.103532 
-0.098467 
-3.151250 
-1.164304 
-0.261186 
-3.962902 
-2.526837 
-4.091857 
-0.247667 
-4.769122 
-2.149125 
-1.924015 
-4.708477 
-1.028591 
-4.654667 
-1.232715 
-3.240449 
-4.598610 
-0.388266 
-0.243554 
-0.787092 
-1.620346 
-4.953844 
-4.422008 
-0.655895 
-0.842824 
-4.102085 
-0.448980 
-4.901509 
-1.037361 
-0.567695 
-1.005041 
-1.135828 
-3.718946 
-2.169344 
-1.397014 
-2.681848 
4.696181 
0.488871 
-2.929515 
-4.465303 
-2.657996 
-4.833530 
-4.153780 
-3.666587 
-4.468197 
-0.366495 
-2.217385 
-4.046807 
-0.774762 
-2.467135 
-4.863167 
-2.485857 
-2.440979 
-4.850514 
-3.141752 
-3.283803 
-3.952599 
-3.590732 
-3.185312 
-4.989960 
-4.158427 
-4.190352 
-1.135788 
-2.877373 
-1.359697 
-2.522803 
-0.559221 
-1.055878 
-3.011674 
-3.488736 
-0.521182 
-0.669670 
-3.322266 
-4.674962 
-4.336257 
-2.790463 
-0.041457 
-1.553642 
-1.837271 
-0.816219 
-4.020777 
-1.700438 
-3.302076 
-1.461756 
-1.550952 
-1.443828 
-4.745559 
-0.503552 
-0.034560 
-2.930870 
-0.503512 
-4.192987 
-2.121223 
-1.619300 
-2.070361 
-3.480920 
-4.142103 
-2.629582 
-4.536798 
-2.021484 
-1.138318 
-0.057979 
-2.823446 
-4.440584 
-4.732942 
-2.159703 
-2.231048 
-4.774399 
-3.713345 
-4.068318 
-0.590618 
-2.734122 
-0.768757 
-3.892694 
-4.195878 
-2.319710 
-0.336522 
-3.941436 
-2.823261 
-0.371083 
-1.872306 
-3.316773 
-4.564070 
-3.993530 
-4.936073 
-1.634431 
2.474449 
4.068176 
4.254013 
2.021247 
1.221952 
0.392332 
2.079227 
4.065399 
4.638540 
1.792168 
1.212488 
2.063964 
1.567477 
4.734835 
1.120911 
2.177185 
2.662569 
1.891040 
1.059879 
1.842493 
4.075552 
1.390867 
0.809883 
2.012978 
1.753920 
2.662189 
0.353061 
1.327140 
1.654630 
0.276857 
2.907675 
4.010160 
4.355033 
2.240000 
1.141416 
0.599391 
2.570213 
3.210642 
4.662384 
2.445248 
0.032811 
0.868636 
4.479212 
1.589378 
0.805933 
0.621494 
3.756563 
3.468503 
2.464931 
4.836442 
0.306950 
1.723283 
1.212844 
1.116833 
3.747293 
2.990329 
3.789022 
4.098076 
4.311884 
0.464741 
4.394933 
2.258405 
4.584910 
3.739966 
4.507870 
0.736325 
4.346951 
2.130202 
3.966968 
3.999336 
4.575450 
3.999779 
4.856822 
4.044661 
0.579156 
0.652755 
4.676155 
4.209553 
3.992623 
2.168689 
4.182161 
4.438208 
3.891971 
0.395005 
0.555040 
2.619264 
3.405334 
4.334062 
1.737341 
2.727217 
4.788804 
1.112274 
0.005087 
4.393714 
4.862241 
4.522957 
0.140039 
4.209192 
1.653160 
4.107007 
3.208527 
1.218610 
3.096785 
3.075349 
0.273271 
3.685941 
3.738104 
4.939426 
3.041660 
2.859362 
2.108114 
2.223821 
2.297570 
0.990086 
2.628826 
2.852610 
3.619350 
1.024159 
2.196672 
0.346691 
3.741377 
1.995476 
1.458965 
3.746464 
1.389190 
1.321205 
3.269422 
1.529229 
0.530397 
4.922581 
0.636236 
3.738925 
1.141191 
3.733022 
1.814274 
1.414461 
2.418963 
0.552378 
1.353887 
0.460623 
3.411740 
3.462002 
2.684444 
0.709309 
4.452087 
0.313270 
3.561919 
3.071437 
1.337429 
0.758591 
3.418128 
0.078806 
2.754068 
4.877093 
3.825270 
4.153258 
1.208299 
2.094691 
0.672487 
1.728696 
2.017272 
1.308723 
0.467621 
3.158463 
0.041745 
2.281894 
4.572925 
2.460708 
2.834272 
0.926812 
2.921331 
1.246012 
4.388813 
0.605774 
1.955321 
3.840901 
0.919044 
0.517240 
1.912338 
2.256473 
1.275831 
0.330466 
2.345279 
4.029899 
0.207559 
1.160548 
3.173156 
1.405858 
3.255239 
3.845644 
3.134554 
0.272512 
0.154366 
3.602174 
3.430974 
0.196111 
0.884069 
3.003899 
2.656819 
3.718341 
3.930710 
0.588149 
4.954352 
3.309524 
1.193924 
1.937328 
2.160424 
2.102968 
2.436913 
4.072762 
4.359441 
3.712744 
4.403229 
1.694720 
2.742643 
4.610788 
2.855268 
0.915799 
1.016646 
1.110507 
4.761442 
4.151200 
1.383019 
4.915809 
2.753374 
4.997598 
0.111920 
3.637443 
2.817892 
2.768739 
2.355783 
1.748602 
3.346888 
2.320136 
0.068125 
4.530812 
4.239809 
2.228550 
1.633779 
1.676722 
1.301312 
0.993220 
0.389466 
0.704541 
2.687940 
3.132109 
0.315329 
0.543208 
4.047908 
1.331975 
1.653715 
3.809350 
0.480679 
3.036734 
3.725159 
3.236550 
2.850727 
3.837079 
1.873993 
0.668619 
1.605817 
4.229776 
2.417221 
4.952705 
1.549913 
2.485346 
4.483517 
0.789722 
4.713896 
1.117296 
2.466444 
1.015208 
2.110516 
2.855910 
1.719749 
4.798456 
0.988018 
2.035078 
0.341664 
0.035926 
3.367054 
1.995379 
3.845276 
3.850229 
0.032113 
2.570435 
2.086779 
2.882839 
1.407513 
3.960772 
3.551458 
3.013330 
3.200548 
0.968678 
2.966035 
4.740461 
3.454024 
2.449552 
0.530183 
3.167920 
3.566847 
2.996626 
4.183128 
0.677364 
0.852536 
0.902877 
0.475820 
1.840555 
2.937955 
0.817484 
1.876481 
1.305009 
2.812863 
0.721757 
0.155238 
2.844975 
3.292191 
2.242017 
0.727815 
4.699704 
1.202789 
4.279273 
2.713034 
4.393337 
0.247952 
0.679069 
4.133799 
3.701976 
3.128620 
4.663981 
1.869896 
1.695468 
2.660608 
1.053024 
2.372832 
3.513144 
1.955900 
2.848651 
0.353699 
4.893855 
3.666135 
2.230180 
1.198864 
1.478998 
2.951936 
1.354101 
4.323974 
1.244128 
3.596118 
0.051789 
0.943832 
4.798907 
4.331062 
3.656866 
4.192245 
4.579014 
4.335935 
3.326043 
3.280990 
2.464555 
2.990024 
0.150885 
4.160022 
0.650632 
1.203909 
1.532854 
4.163776 
3.159809 
4.381505 
4.517475 
3.053664 
3.047641 
1.747654 
4.252528 
4.526639 
4.699591 
0.606629 
3.850613 
0.943718 
4.202747 
3.902402 
1.887550 
4.001655 
3.233464 
0.544415 
3.193899 
-2.812478 
-4.880350 
-1.519943 
-1.093467 
-2.344904 
-4.509967 
-1.244353 
-1.504927 
-0.160599 
-2.448262 
-3.037781 
-4.324375 
-0.608071 
-2.419286 
-3.841850 
-3.661735 
-0.466927 
-0.589504 
-2.914263 
-4.993567 
-0.289095 
-3.520892 
-3.844180 
-1.232813 
-2.723639 
-2.746582 
-3.120363 
-1.725294 
-0.980046 
-3.664778 
-4.919193 
-3.792524 
-3.545127 
-1.439136 
-4.885991 
-0.890032 
-0.949103 
-1.130344 
-2.394959 
-1.109702 
-3.578606 
-0.432740 
-0.434077 
-4.186677 
-2.852026 
-4.275927 
-2.848411 
-3.318954 
-4.865431 
-0.762674 
-3.312521 
-0.154525 
-4.283566 
-2.156700 
-1.387338 
-2.007205 
-4.903282 
-4.507700 
-3.732499 
-0.883328 
-3.172478 
-3.651692 
-4.675851 
-1.717606 
-0.090827 
-4.561843 
-2.607638 
-1.039930 
-0.692187 
-2.149632 
-4.270792 
-0.435336 
-2.583709 
-3.457469 
-3.287363 
-1.859635 
-1.305880 
-1.606316 
-1.725066 
-2.068554 
-4.918837 
-1.879592 
-1.352119 
-2.075536 
-3.266930 
-3.359324 
-1.978818 
-2.774630 
-2.091822 
-2.862146 
-0.947108 
-0.743514 
-2.537998 
-2.664714 
-0.834341 
-2.099840 
-0.272352 
